598
232
486
480
494
310
779
167
143
448
497
453
32
661
626
203
422
628
21
555
261
43
100
382
183
161
365
437
410
742
606
743
221
60
297
81
745
185
29
307
137
723
766
653
539
677
333
607
319
578
783
544
337
259
585
300
133
655
540
331
44
141
543
506
402
565
485
570
351
515
795
171
709
728
466
342
832
826
65
235
263
212
246
298
61
807
117
122
406
269
706
857
327
715
368
284
761
627
641
599
293
481
136
73
764
80
398
499
781
79
181
25
154
748
833
548
456
1634
189
208
415
589
104
752
484
724
195
488
74
812
89
350
344
98
797
735
746
345
239
784
595
624
226
54
251
608
280
720
551
50
180
586
576
69
330
733
444
170
769
364
413
375
343
654
177
262
678
556
111
592
206
787
561
537
514
76
72
271
86
631
71
127
445
572
490
530
94
739
786
370
790
199
352
229
59
622
785
825
799
285
380
563
419
289
806
186
35
218
558
773
119
153
835
151
520
55
529
46
304
303
722
794
179
390
552
714
798
623
68
220
227
789
827
356
512
191
135
168
744
782
792
193
458
103
175
396
256
40
594
91
843
301
354
597
542
391
49
738
249
214
53
295
381
815
216
123
656
695
582
349
491
146
311
