4537
2363
3271
4156
4568
3799
3082
2833
1458
1913
1915
40
3879
2678
4586
1519
44
3347
3215
3871
3110
2149
2138
4200
4059
3382
2597
2483
1904
3117
3922
3190
2671
3207
1842
3320
3438
2220
2309
3813
3858
850
4506
1908
1959
2219
1421
2334
181
1490
4052
153
3794
2705
3354
4380
3028
3964
4006
4064
3597
2318
221
108
3746
563
1563
1907
3758
3371
3333
2375
2843
4093
74
3376
2188
4116
1411
4359
208
3999
2196
3022
3927
916
2216
4179
1537
3859
4157
2343
102
2377
423
2249
2372
3833
2250
4453
3756
3290
497
4435
4277
390
3956
3183
2200
4394
1428
2900
4316
1901
1440
3102
3759
1821
1918
1430
4273
46
3133
1412
3975
4576
2327
2010
1351
1837
1902
103
1870
2058
3765
2593
3302
4159
2619
3283
4076
2048
2498
2457
4254
204
1920
4281
1989
3289
2636
2978
3942
3938
3377
2167
4548
4486
3842
3865
1807
2283
3991
3390
4139
1838
2347
3829
2337
1591
2602
3654
1463
3632
4241
2389
3239
961
3906
2358
2484
3385
3009
1861
1576
4079
2874
2023
220
206
56
3965
3886
1919
1333
1447
2383
3848
3737
4451
1998
3331
4484
133
2211
1928
3349
2206
1553
3005
3395
2272
4083
4542
3108
3945
1401
2675
1611
4094
3213
2217
19
3045
2369
3500
4105
2684
4023
3027
3748
2096
3780
4204
2251
4101
164
3925
1966
1425
1595
2305
2904
2019
2686
2531
3869
2110
2447
3412
4034
1395
1497
3408
1774
3248
3773
2001
2959
2967
2114
2625
1586
263
90
670
4603
2854
1940
2286
1910
2444
3908
2082
1974
2021
4503
4579
4556
4463
4011
4189
1888
2509
3961
2317
3036
1788
3324
4091
2052
1326
3272
2577
4351
2535
4512
4400
4459
3139
4010
3202
2720
1938
3855
2403
1588
2351
3404
4185
2616
2995
4298
2157
4054
2868
1512
3601
2693
3379
3032
1894
4398
1862
174
1369
4032
1849
602
1822
611
4616
136
1936
1366
4373
1371
3151
4509
2169
3989
157
1914
1874
4527
4192
2261
3240
264
4046
2237
4438
4041
1993
1472
1352
3528
3849
1889
3892
3936
3972
2009
3094
2924
2663
1379
3983
2185
2148
2067
2191
3341
3086
3071
507
2490
4124
1505
1792
1399
4184
4614
2090
4615
1917
41
3905
2885
3578
2399
69
3624
4250
1569
2204
223
266
4057
3154
258
2438
3743
2333
2601
3877
3014
1829
2133
1406
4592
2002
2605
655
2146
3191
4585
2208
4344
3098
4374
2880
3246
2263
4354
2222
4134
1593
66
3263
958
2984
1968
3893
1373
2126
3212
1384
62
1789
1350
2879
4113
2659
4350
2341
2621
2493
75
2252
3138
3937
1457
3751
4221
4099
4482
1794
1532
4026
2013
2103
905
2482
4037
3920
4378
4516
3037
3330
3718
1818
1546
3389
1583
2977
2186
529
3973
1609
3329
2392
3455
4129
4284
2437
4325
3948
2975
3628
3054
1402
4490
3332
3881
1926
1970
4340
2312
4047
4212
2054
2124
3365
4276
2117
3428
2266
1872
3413
1979
1985
2571
3856
3081
3895
2682
2911
1420
4387
4342
4151
3496
3866
4605
3323
4062
2154
2118
254
932
576
2166
4058
4544
1474
3846
4313
119
4319
2234
4199
3346
1613
1363
4402
2198
3080
1871
4248
4552
987
1362
3682
1590
2641
477
2014
3933
3040
4256
1575
3996
68
2088
1488
4077
2055
3237
3328
466
3900
649
2015
4518
4174
3876
3750
4381
4433
3399
2344
1338
2068
3392
1961
1976
2863
3440
3513
3514
2487
1973
52
1460
4146
3288
1517
3990
2573
1359
823
3195
2373
2322
3762
202
1876
1494
2319
2725
2685
1824
2214
51
4109
1450
3344
2078
61
1332
2105
2278
3198
2107
3046
3099
2295
4419
2275
1967
3326
97
1467
1830
3397
3827
1791
3178
3169
2323
2410
1436
3150
4279
4345
1906
1349
4574
3085
4275
1996
1895
2396
2942
2293
3749
182
2027
4336
1954
3304
3065
1899
1578
4282
2381
2291
1410
2496
3852
3011
2288
4237
1491
4581
4395
2108
1932
3309
2548
2229
3368
4322
1540
4578
2646
1607
1455
2927
3048
4326
2852
1477
1068
2350
3610
43
2071
1892
1793
2215
3069
2000
3060
3860
1898
1572
1433
3095
2306
2858
2716
2882
2279
3112
2163
3244
3903
1493
3761
1790
3752
1364
1958
4530
4448
4144
2292
35
4141
2053
3222
2406
2979
1608
2370
2536
3230
4554
3435
3926
3180
4078
4566
3137
3668
4425
3875
4456
1405
81
3899
4477
1885
175
3433
716
2624
3238
2387
3067
1924
3648
219
4111
1982
4508
2946
4123
2598
2835
2681
3162
2837
4097
1574
1524
3891
3711
2099
1431
2170
2713
1945
4214
3930
3174
3967
2971
2940
2057
28
3224
3091
1504
1999
246
4414
3845
4348
4024
3410
2144
3225
3274
1413
3872
216
3193
3394
3880
2265
1840
4223
2930
1965
2938
3056
4352
2199
3199
3787
4291
2335
4103
4383
4068
4386
3828
1923
3918
2141
11
3931
2242
1956
1977
3423
4332
1869
201
3140
3810
3838
2865
2115
2160
1857
989
3916
3316
4293
4266
3299
2050
4220
2591
2580
154
3523
2102
4008
3475
1397
3888
1618
2574
4017
2062
3336
4507
4480
1435
2047
4195
3345
1386
3861
3134
3209
2607
55
3308
2072
4302
1854
2889
1596
2253
4121
3970
4489
2445
3256
2297
2964
4411
2510
4040
3360
1471
1878
3187
1092
2020
3334
2243
3370
3979
3442
2981
3242
3123
3317
2353
210
2876
1536
3119
3980
3383
4535
3730
4233
992
245
4090
4261
1528
1318
428
3443
3189
4188
3864
4406
4521
2280
4601
2074
1893
2562
3164
227
4242
1939
1896
4203
1933
2028
4127
4538
3775
4143
3208
2330
3776
2517
2368
4213
4122
70
234
4060
3396
3186
2983
3348
2134
2884
4061
4429
3378
2398
4287
3369
4227
4494
4460
2613
1584
4327
3847
4492
1480
1599
3575
3934
1441
1381
2277
2184
461
2245
4245
1787
2120
3734
3466
1345
1509
4202
4021
1547
1343
2505
4304
4600
3250
2511
4131
3766
4295
3595
4070
198
1602
1485
1479
3111
4539
2051
79
199
1843
1935
1408
3941
4550
2224
4307
2467
185
4594
3801
4343
4153
2332
3995
2205
2320
882
3788
2201
1514
4228
3911
1554
827
3494
326
2965
2123
9
172
4082
4347
1492
3322
4549
3200
3260
1531
4399
3259
1604
2162
3104
2172
4210
1987
2326
4610
3944
1415
2173
2547
3161
200
2504
4562
3087
4420
4502
4117
3427
4571
4608
3375
4408
2104
4569
3118
3073
4331
132
2961
3917
183
3456
3157
1594
2331
3449
1858
3943
3814
4385
2151
3338
1587
2456
3362
3047
2886
3804
1376
2912
4168
3826
1880
3075
4540
2596
4356
3280
4267
2830
71
2329
2135
1424
2361
179
2137
1875
1873
2008
4513
2158
4467
4286
3962
4055
2125
3832
1527
2248
1846
3907
1422
3831
4137
3929
3070
3266
1462
1329
32
4260
2687
244
2922
2128
3436
4104
2923
53
4483
3425
4294
807
3184
3235
1811
4478
2489
4005
211
2254
3812
4606
2178
3311
161
1498
4475
337
4447
3400
191
2325
3535
4022
1847
4424
1059
2507
4555
2025
1905
2408
86
1388
4473
2122
3217
4240
4138
4247
3033
3254
3220
3830
2328
3058
1804
1678
3844
2313
4196
4577
2864
1465
1556
2041
4596
3781
4081
4042
4140
2454
3257
1912
3896
3001
3889
146
4369
4262
1600
1848
2338
3281
3415
3992
2346
2040
2083
3255
688
4132
4238
934
2890
3155
1934
2960
4163
1513
4409
3806
2352
4612
4341
4274
217
3076
1903
4426
2304
3018
3795
2197
4491
2376
4528
18
3402
3173
4517
1860
4030
4567
4049
3214
3534
2301
2233
2386
1867
1482
92
4499
354
2298
1559
2348
2176
4301
1104
3350
2962
1589
2895
1423
4217
3430
3461
3342
3958
3974
2119
3790
3809
2364
3077
3963
2153
4012
4087
2845
4396
4149
4278
4375
4382
2192
3835
2287
255
34
2029
919
1503
3182
3273
2061
2473
4289
3284
4339
2875
2005
2140
1389
58
3949
4000
4125
248
2902
4366
3757
3764
4084
2075
6
608
3386
1852
2189
3416
2042
1887
3192
1930
4465
4430
3141
1937
3459
1544
3023
77
2592
2039
3834
1548
2340
3791
3805
4028
3802
4445
111
1365
2583
3590
4152
3537
3393
1523
2034
2980
3035
2452
3820
3977
2610
170
3952
110
4496
2840
1971
2175
4479
3818
4320
3233
2871
1866
938
1476
4437
3966
1561
2098
2908
3572
2182
2909
3744
2035
1334
3940
1341
1530
3982
2049
149
3062
3004
2378
3771
1806
2032
1598
2194
3072
2690
2714
3411
1516
1398
3096
3373
4526
2086
4323
3282
4321
1522
3121
1835
2232
3149
3038
4591
2647
2944
3851
3050
1336
4504
109
598
2481
1951
1984
4051
4239
1339
1534
1879
1331
4257
1380
1392
4481
2097
2065
3314
1449
2604
1549
3754
1799
1056
3172
3325
2349
54
3957
3175
2653
1327
2056
4234
1429
2697
4130
4593
2538
4573
4074
3337
4497
2299
3361
3211
2026
268
4306
722
2533
3296
2385
2228
2956
2723
115
3914
3532
3100
4050
4543
4580
3216
100
2270
2045
1325
4474
4253
4108
42
250
3343
1810
2255
1478
118
2156
2878
3959
3297
4033
4150
778
4379
2943
95
4232
2897
4485
4119
2016
4166
4118
1361
1900
1836
4201
4355
122
2842
2339
1487
4522
4269
4230
4176
3303
3883
3315
4529
1864
4468
2669
1927
168
4367
3156
1515
2084
163
2246
2626
1812
1797
3391
4328
4315
2719
4588
2087
3971
1988
4358
3998
1396
3034
4346
2092
2359
3059
1470
2666
3177
1975
3770
1916
2622
2374
4100
2294
4165
3307
4272
1464
4167
2227
3863
1946
2081
4455
1483
2314
3367
468
2022
3000
854
1459
1832
430
399
5
4303
1567
1448
3276
2919
3885
2239
261
4175
4589
1500
271
4198
4415
2366
3042
127
2513
2281
123
2033
2404
4018
2603
2499
1444
3803
3353
4547
3305
3262
4524
3821
3836
3472
747
744
1387
4280
4162
1529
3306
4236
3422
2650
2841
3774
4410
2407
2847
147
4088
1931
1330
3064
2241
3293
3031
4376
2073
2569
4305
1841
3946
4216
3270
3074
63
325
2888
2494
3527
125
4464
1986
3921
2409
1997
662
1496
4384
3419
2561
2193
431
4219
4599
4072
4570
23
1508
4439
4377
4114
3462
2581
2644
1382
3884
178
1817
1884
37
2892
3301
1603
391
1969
267
2145
3269
3227
3125
521
1941
3043
1617
3088
3987
282
3841
1353
1466
1475
3445
1552
2832
4595
3114
4080
3319
2528
585
4002
2321
137
2949
2077
3767
4404
2576
4197
3144
1356
2311
4443
155
3457
3782
3882
1566
107
3432
1511
4181
2550
4471
3747
2931
3359
4582
4112
1319
3219
225
2267
4169
3243
3372
187
2465
2595
2472
1324
3159
2179
1844
2269
4182
2230
270
2572
1816
2155
3249
3452
4270
4495
3292
4362
2945
1346
3226
1955
2462
144
2937
1815
3981
3113
1922
4136
544
4487
2969
3321
3236
486
1568
432
4416
3854
876
3935
2316
3509
50
3441
60
180
3258
4071
2018
2466
2390
1510
2342
4466
3793
3126
1348
4338
4053
467
3363
2011
4498
2257
4171
4288
2142
2935
1347
3171
3740
26
4388
1948
4173
2258
2143
232
4086
2044
1344
3955
1851
2030
1525
1929
1831
2161
1439
3206
192
2240
565
2558
190
3502
1385
3105
3026
3285
2522
193
4561
3128
3529
2524
2113
3823
1060
2091
4365
2721
2064
4263
4493
1545
1820
1323
4421
3168
3181
2111
2459
4598
2276
3066
1360
3429
4363
1865
438
1800
4432
612
2262
3265
2362
4444
4565
3703
2183
2926
1897
2063
3131
1541
2635
4255
1597
1991
4031
4558
3145
3107
1963
1891
3298
4065
1539
3231
4560
3294
1886
1521
4025
3978
3068
2131
3136
2031
2658
3950
1801
4500
2966
15
4194
3264
3592
237
2365
3850
4268
2554
4564
3870
3705
1582
3409
2478
3146
3148
689
1358
1992
3116
2707
2310
2231
3819
4193
3909
1551
4208
2024
1911
2883
4299
2007
3124
1526
2212
1571
1573
2345
3261
3434
3079
4390
4249
3275
4045
2357
3437
4519
4353
1565
1372
1834
2599
1378
4187
4330
242
3553
2303
4106
4158
3421
239
3807
4335
4371
2914
2570
130
2485
4505
3356
1859
1825
2401
3218
2356
3030
3310
1461
1814
3939
4222
4190
2159
2402
2997
1337
3364
3868
3120
3560
2130
4413
3784
2285
1833
1394
3953
3351
2393
1802
106
4418
2121
3130
1614
2913
4126
1995
4329
3932
2038
2920
3837
3984
4218
2696
4296
3924
4461
4431
3994
3797
4309
1827
230
3493
1085
8
3897
4290
2853
2171
3044
2089
2308
383
3252
3167
4147
4441
3620
1877
2213
1868
2069
1403
2915
2268
85
2300
2520
4511
3092
80
4609
4391
3380
2958
21
1328
1823
1454
2850
2450
3988
4442
3
4476
4360
3878
2093
2101
2855
3789
2307
1340
3084
2991
4403
4154
4120
4488
4458
4102
2129
2715
3431
126
2655
3816
2236
3229
4066
4089
3968
104
1538
38
7
1434
4312
4349
1400
3089
1437
1855
2891
4128
57
3424
1355
3061
2992
2488
2982
3197
3612
84
3993
3985
959
3800
2974
1446
1883
1942
1839
4271
2147
4392
1562
3755
3313
2218
4462
2207
1952
2203
36
4235
3163
4541
1795
1813
3745
4546
128
1427
2195
2862
1335
4265
4264
1469
2006
1957
3160
600
2623
820
2282
4092
2470
1452
4107
3129
2360
2933
2165
3469
3019
2221
4172
141
2274
1484
4545
3478
4135
3015
2451
2851
3824
4115
4607
2017
2003
1909
2100
2630
3204
2594
2905
4016
304
1453
1581
3898
2174
2717
3247
4446
3245
235
2164
4067
2673
3406
4427
1443
2617
4449
2181
3279
2565
3470
3053
2859
4283
3049
4436
1489
4370
3241
3786
3606
3785
1826
2127
1543
3057
2838
2202
2371
3591
1570
1473
4285
3796
3300
3723
4095
3986
1374
1520
2953
4226
1845
1550
4027
1383
3286
1944
1953
2043
292
4405
2941
30
1390
3951
4183
818
59
2177
1418
3405
2132
112
4014
2324
2587
3760
4520
3890
3201
196
4532
1499
3115
3374
3779
169
3997
3923
4317
4412
4510
3969
1518
885
2168
494
3912
1416
2867
197
4422
3398
4035
1486
4450
2260
2861
1507
965
4372
4110
24
2918
4361
3887
1506
2391
1962
510
2380
831
72
2887
3388
2296
3097
3205
4368
4534
3170
27
25
2575
3387
2059
2315
1495
2877
3352
1606
2633
3873
3901
2947
3228
1409
4015
1925
3742
2846
3188
1564
4243
2273
4297
1357
2545
3232
4043
3403
1043
3041
1809
229
1321
2849
1502
4048
2471
449
2600
1585
4178
1881
3559
1828
3503
4215
1442
2906
3418
4613
3652
252
4318
1456
3414
2244
3109
2180
3010
1404
4098
395
49
2514
4472
3024
2150
4584
65
2095
2036
176
495
569
4523
2476
3007
3106
4357
3103
2226
1577
4009
2860
3763
2831
3122
82
3913
4407
1320
1605
3874
3152
1856
3132
3339
1419
3811
265
3653
3251
3753
4470
1377
4063
1368
3355
142
3467
4469
2836
1414
4337
4258
2400
4209
159
3822
151
2985
3194
641
3843
2834
3947
1949
3063
839
3910
2665
3203
140
3417
1921
2271
4597
4206
2442
88
1501
2699
4224
1610
3278
3295
2993
1391
1592
2388
1481
1560
4160
3253
3451
1558
4590
3825
4575
1850
3724
1555
3768
914
3465
804
2677
1367
2080
4611
1796
2541
1890
3928
4259
2546
3078
1438
3585
4145
17
3051
3902
3327
2460
3904
2355
2703
1101
2468
2235
2916
2988
1805
262
1533
3234
2256
114
4231
2106
1451
2695
165
3439
2384
1616
2004
4324
2449
4019
91
215
3915
3420
3287
2881
571
1994
260
3277
3165
2640
186
4155
2458
1
2872
2708
4001
4211
1580
3176
189
4180
3221
2116
589
4423
389
4069
2290
815
4454
3340
1943
2046
3839
3384
1407
848
2187
2564
2639
2066
2112
2394
93
4334
1981
4553
4096
4004
2934
3318
3732
2986
2869
3453
2585
3196
1882
4452
3857
4531
2070
3817
4310
3179
2856
2652
4308
1432
3777
2302
4501
4583
3166
1417
4020
3783
3407
2976
2284
3268
4434
1863
2037
4457
3840
1601
2397
4191
2586
1798
4075
3052
1322
4417
4364
269
1468
1612
2238
2382
406
3694
2136
3769
3853
2109
253
2190
1990
1819
3792
2676
203
3426
4551
3798
3055
1950
3090
1542
241
2152
48
3815
31
4252
1557
1393
2289
3707
1342
4292
4073
1375
3772
33
4133
3135
4563
4314
2534
1354
76
257
3335
4225
2515
4393
3267
4205
2223
4013
622
3381
3531
2939
515
2367
4244
2724
3093
1579
1980
2085
3127
2957
134
3185
2379
2688
4572
2094
2903
3312
195
4170
4401
1808
741
3223
2405
4515
3039
4207
4300
2844
2563
3808
78
4333
3153
3954
3357
2893
3083
98
4007
2079
3401
380
2209
2395
4602
4142
4164
3458
1803
2225
121
1370
2076
145
4029
1947
4533
218
4003
2848
2857
4311
4186
99
3867
4229
4536
1964
2512
3549
4161
213
2932
1972
3976
3158
1426
3142
166
2936
4251
39
4525
4389
2210
2661
2264
2336
13
4044
4440
171
1983
3778
4559
3919
3358
4039
743
2963
3143
4177
1978
4428
1535
1960
3147
1445
3291
4514
3366
2989
2247
116
3862
2544
2259
2899
4587
3210
4557
2354
2139
3564
4056
2667
4246
3894
4148
2839
4397
2060
1615
4036
1853
453
4038
4085
139
3101
4604
3960
2012
