813
1625
2781
3693
4520
5463
6361
7026
7830
8732
9672
10530
11635
12601
13463
15637
16639
17908
18788
18867
19484
19485
19486
19487
19521
19612
19613
19982
20796
21194
21287
21305
22160
22640
22677
22768
22769
22774
22775
22787
23626
23627
23628
23637
24646
24771
25217
25759
25760
25794
25889
25890
25891
25904
25932
26067
26068
26069
26070
26071
26195
26196
26197
26198
26232
26323
26324
26325
26355
26392
26483
26484
26485
26486
26520
26611
26612
26613
26614
26648
26739
26740
26741
26761
26798
26911
26933
26934
26955
26992
27105
27127
27128
27129
27168
27277
27299
27321
27328
27369
27500
27544
27663
27664
27708
27850
27906
27989
28033
28070
28183
28205
28227
28228
28264
28355
28356
28393
28412
28496
28613
28702
28703
28724
28761
28907
29631
30586
30599
30636
30727
30728
30729
30764
30855
30874
31525
32334
32371
32462
32463
32464
32465
32481
32907
33342
34124
34159
34160
34287
34288
34289
34290
34291
34292
35097
35542
35543
35557
35558
36843
38176
39043
39044
39058
39186
39389
39619
39941
40056
40184
40185
40186
40984
41441
41572
41573
42241
42539
42772
43396
43565
43574
43588
43590
43732
43739
43740
43741
44043
45028
45857
46752
46753
46754
47543
48359
49202
50068
50944
51817
52141
52652
53504
54361
55217
55580
55581
55582
55583
56386
56981
57826
58669
59523
60032
60033
60034
60037
60041
60846
61429
62272
62711
62726
62853
62854
62901
63710
64545
65372
66209
67065
67933
68728
69527
70296
70800
70801
70802
70928
71729
72555
73383
74224
74540
74779
76132
76961
77792
78228
78229
78230
78487
80272
80527
80528
80529
82336
83156
83967
84442
84443
84444
84445
84570
84571
84572
85323
86191
86846
