1412
2484
5837
6815
7770
11674
12653
13632
14611
15590
16568
17548
18458
19299
20048
20777
21603
22452
23206
23941
24699
25423
26139
26901
27828
28611
29370
30127
30932
31748
32665
33477
34362
35140
35937
36738
37509
38321
39147
39932
40771
41530
42289
43050
43902
44800
45703
46566
47351
48151
49055
49941
50840
51678
52692
53533
54375
55997
58901
60738
63035
65793
66739
67674
70689
74181
76534
78968
80294
80557
80810
81448
81576
81577
81578
82010
82115
82221
82312
82313
82314
82650
83617
83801
83823
83824
83841
84633
85461
86445
86575
87114
87220
87592
87614
88131
88258
88347
88831
90045
90146
90232
90273
90404
90514
90536
90565
91365
92267
92728
92770
92792
92820
93010
93028
93635
94178
94513
95470
96516
98266
99249
100276
101758
102742
103717
104696
105664
106643
107624
108603
109582
110562
112086
112995
113846
115145
116273
117097
117926
118849
119742
120562
121382
124696
125558
126380
128324
130949
132856
133800
134612
136235
137253
138027
138893
139801
141520
142876
143719
144680
147737
148864
149666
150357
