692
1457
2341
3175
4008
4914
5828
6541
6542
7401
8306
9155
10228
10229
10814
11608
12431
13258
14089
15376
16110
17094
20244
21222
22201
23194
24743
25722
26699
27678
28657
29636
30615
31594
32572
35055
35768
36972
37080
37822
38592
39379
40162
41041
41910
42654
44274
50682
51414
52494
53279
54561
55322
56849
57970
59062
61448
62630
63498
68646
69523
70612
70658
70659
70660
71072
71947
72913
73736
74509
75138
76121
77140
78118
79074
80053
81032
82010
82989
83968
84947
85926
86905
87895
88771
91116
98732
101957
102775
103823
104592
108886
111810
114973
115652
115653
115780
116404
116438
116504
116914
117048
117086
117910
118107
118578
119416
120257
120633
120974
121128
121172
121216
121217
121218
121919
122737
123593
124512
126041
128480
129321
130192
131076
131749
131877
131878
131879
132444
132617
132745
132746
132747
133510
134410
134930
134931
134932
135424
136100
136960
140389
141224
142174
142175
142302
142303
142315
142316
142317
142443
142444
142919
142920
142921
143046
143047
143048
143049
144002
145159
145160
145161
145912
146841
147526
