706
1520
2332
2333
3139
3950
5013
5881
6665
8194
8895
9107
9528
9568
10391
11282
12184
12858
12859
12895
13334
13600
13601
13602
13603
13730
13731
13732
14062
14063
14190
14192
14193
14194
14320
14321
14322
14323
14324
14448
14449
14450
14451
14452
14576
14577
14578
14579
14580
14719
14720
15291
15292
15293
15421
15422
15423
15424
15506
15652
15653
15665
15666
15667
15793
15794
15795
15796
15799
15929
15930
15931
15932
15933
16057
16058
16059
16060
16061
16094
16185
16217
16218
16219
16254
16345
16367
16368
16398
16448
16539
16540
16541
16580
16604
16720
16733
16734
16774
16905
16927
16958
16993
17030
17143
17165
17195
17309
17339
17474
17486
17613
17644
17698
17829
17830
17831
17851
17892
18023
18024
18025
18047
18048
18364
18510
18612
18627
18664
18755
18756
18757
18758
18792
18883
18884
18885
18886
18920
19011
19024
19062
19089
19126
19217
19218
19219
19220
19254
19345
19346
19347
19348
19382
19473
19474
19475
19476
19510
19601
19602
19603
19604
19605
19729
19730
19731
19732
19733
19872
19873
19874
19875
19876
20000
20001
20002
20003
20004
20128
20129
20130
20131
20132
20256
20257
20258
20279
20284
20431
20432
20433
20434
20440
20568
20569
20570
20571
20572
20696
20697
20724
20725
20726
20852
20853
20854
20855
20856
20980
20981
20982
20983
20984
21108
21109
21110
21111
21112
21236
21237
21238
21239
21240
21364
21365
21397
21428
21443
21479
21570
21618
21619
21620
21655
21746
21747
21748
21749
21783
21874
21875
21876
21877
21911
22002
22003
22017
22018
22054
22145
22154
22166
22178
22221
22313
22315
22316
22320
22357
22448
22470
22471
22473
22510
22601
22602
22603
22604
22638
22729
22730
22772
22836
22873
22964
22965
22966
22967
23797
24458
24459
24460
24461
24462
24656
24657
25959
26748
27718
27896
28698
29189
29239
29294
29477
29537
30527
31502
31628
31756
31757
31761
31762
31775
31889
31909
32155
32961
33864
34039
34040
34041
34975
35755
36744
38000
38831
39669
40502
41342
42138
42721
43042
43170
43171
43788
44002
44003
44130
44203
44204
44983
45261
45389
45390
45391
45392
45394
45572
45573
46293
47185
48033
48388
48433
49229
50103
50962
51540
51555
51608
52445
53255
54095
54957
55837
56775
57683
58103
58104
58105
58106
58107
58231
58433
59655
60345
60369
60497
61102
61137
61143
61146
61274
61275
61276
62086
62091
62928
63648
63676
63689
63708
63745
64422
64423
64424
64505
65290
65609
65610
65627
66432
67267
68144
68551
68552
68553
68604
68714
69150
69962
69981
70528
70619
70620
70622
70630
70675
70773
70774
70775
70776
70810
70901
70902
70903
70904
70905
71029
71030
71031
71032
71066
71157
71158
71170
71171
71207
71298
71299
71300
71301
71335
71426
71427
71428
71429
71463
71554
71581
71582
71583
71618
71773
71808
71815
71824
71861
71952
71953
71954
71955
71989
72080
72086
72087
72094
72222
72223
72224
72225
72259
72350
72351
72414
72415
72416
72556
72580
72604
72605
72641
72732
72733
72734
72735
72769
72860
72861
72862
72863
72897
72988
72989
73093
73106
73726
73866
73867
73868
73869
73870
73994
73995
73996
74411
74412
74539
74540
74553
74699
75099
75456
75457
76250
77045
77585
77713
78512
79336
80180
81062
81946
82786
83667
84668
85267
85832
86028
86240
87079
87927
88188
88196
88916
89688
89743
89886
89887
89888
89889
89890
89923
90014
90283
91779
92379
