1741
2698
3475
4777
6943
8093
9696
9779
10143
10151
10921
11760
12630
13543
14386
15268
16172
18134
18934
18935
19064
19065
19066
19067
20075
20739
21104
21105
21106
21107
21234
21701
21921
21922
21923
22049
22050
22265
23324
23698
23826
24666
25972
26790
27664
31622
33114
34093
35069
36049
37028
38007
38986
39965
40946
41930
45103
49031
53070
55041
55882
56708
57594
59541
62638
64485
65594
67611
69261
70116
70251
70252
70253
70976
71520
71546
72384
72732
72733
73519
74349
74927
74928
74929
75077
75635
75660
75796
75825
76105
76106
76127
76149
76150
76299
77090
77924
78410
78476
79023
79563
79610
79632
79764
80565
81568
81917
81923
82732
82759
83457
83479
83663
83739
83776
83889
83898
84724
85412
85465
85586
85613
85616
85657
85710
85811
86137
86138
86139
86174
86269
86996
88111
88112
88148
88239
88240
89165
89566
90438
91327
92177
93079
93921
94749
95275
95276
95277
96173
96429
96520
96521
96539
97096
97138
97599
97812
97853
98685
98869
98960
98961
98962
98974
99488
99839
99952
99953
99954
99971
100530
101070
101637
101638
101639
101941
102009
102011
102305
102951
103719
103720
103721
103722
103737
103894
103906
103907
103908
104033
104485
104578
105064
105127
105443
105444
105445
106191
106969
107753
107811
