754
1548
2344
3174
4093
5271
6056
6926
7822
8686
9589
10679
11569
12471
13329
14348
17423
18140
18607
19889
20360
20361
20362
20363
21875
22712
25020
25895
26783
27658
28526
29401
30279
31142
32041
32937
33810
34745
35664
36620
37399
39141
39142
39180
39304
39566
39882
40477
41039
41201
41202
41209
41213
41983
42340
42355
42357
42358
42359
42519
43178
43253
44122
44468
45307
45632
45633
45634
45635
46347
46490
46491
46492
46686
47174
47176
47177
47178
47179
47338
47816
47997
48551
48583
49342
50672
52068
52871
55818
56855
58341
59317
60296
61276
61284
62269
63256
64216
65210
66190
69590
73730
77257
78548
79442
80291
83202
83980
87042
88541
89379
90492
91721
93417
94310
95194
96384
97373
98224
99039
99537
99868
99869
99899
100082
104278
105134
105991
106843
107774
107775
108093
108094
108095
108255
108256
108257
108258
108688
109396
110191
110846
110847
110848
111008
111009
111708
112242
112572
113410
114429
115334
116194
117044
117568
117927
118720
118727
119463
119635
120102
120523
120597
120619
120620
121619
122493
123368
123369
123370
123602
123620
124431
125264
126071
126485
127199
127200
127201
127236
127361
127373
127406
127547
127837
128836
129045
129123
129189
129959
130825
131653
132482
133531
133643
133787
133861
133879
134648
135484
136167
136168
136994
137750
138425
