1562
2372
3087
3917
4747
5578
6411
7250
8086
8916
9746
10650
10663
11530
12421
13280
14267
15069
18058
18733
19557
20986
22011
22787
23258
23963
23983
24335
24336
24337
24465
24466
24467
24788
24794
24922
24924
24925
24926
24927
25727
26351
26352
26353
26354
26494
26495
27481
28787
28788
28915
29592
30941
32307
33674
33832
34654
34736
35692
35693
35820
35821
35822
35823
35824
36431
37215
37287
37288
37415
37416
37417
37418
37419
37543
38334
39161
40023
41777
42323
42649
43316
43317
43318
44101
44906
45713
46507
46508
46635
47428
48252
49089
49954
50830
51695
52564
53442
54313
55188
56050
56869
57716
58643
59576
60431
61288
62145
63003
63859
64837
65649
66631
67458
68288
69121
69957
70793
71626
72457
73287
74117
74948
75809
76719
77479
88263
89096
89939
90789
91668
92509
93449
94270
95112
95970
96849
96874
97584
97621
97712
97713
97731
98579
99479
100319
100962
101620
101821
102620
103063
103064
103065
103066
103550
104473
105296
106126
107034
107071
107181
108350
109579
110353
111124
115221
116661
117637
118616
119595
120572
121552
122505
123484
124464
127849
132065
133100
133905
134746
136439
137325
138160
140899
141738
142502
146996
