696
1547
2557
3592
4801
5670
6571
7349
8276
8277
8503
8504
10364
12102
12104
12106
12107
12233
12234
12641
12898
12899
13026
13028
13353
13354
13355
13827
15023
15281
15283
15285
15413
15414
15415
15416
15417
16171
17310
17311
17903
17904
18031
18032
18691
18931
19325
20165
20806
20807
21960
22381
23167
23169
23170
23171
23181
23372
23409
23411
23412
23413
23961
24140
24367
24496
24502
24638
24639
24640
24738
24802
24956
26107
27459
28206
28207
28243
28341
28775
28812
29205
30546
30676
30677
30698
31493
31525
31626
31628
31650
32321
33157
33882
34665
35270
35296
35318
35490
36354
36900
36901
36944
37094
37138
38153
38748
38763
38891
40049
41608
42500
45166
46125
47613
48592
49569
50548
51527
52506
53485
54464
55442
56426
58667
59831
60682
61443
62229
63004
63933
64789
65546
66331
68019
68836
69665
72217
74142
77040
77972
78732
80456
81323
82141
82977
84020
84859
85711
88396
92187
94993
95786
96622
97572
99446
100261
101137
110566
111547
112526
113504
114494
115374
117609
119515
121636
122561
123397
125961
126791
127639
130341
131844
135016
136554
137376
139572
140353
140354
140355
140356
140390
140481
140492
141282
142137
142935
143850
143876
144113
145412
146255
147119
147396
147397
147400
147401
147528
147529
147759
149286
149910
