920
1826
2709
3464
3918
4872
5742
6647
9230
10066
10986
11995
12845
13737
14639
15461
15462
15588
15589
16366
17141
17953
18767
19582
20395
20648
21044
21837
21845
21846
21847
21848
21975
21976
22302
22303
22304
22430
22805
23410
23420
23421
23548
23549
23550
23551
23962
24281
24287
24288
24289
24824
25638
26563
26565
26566
26567
27284
27952
28489
28501
28502
28503
28629
28638
28640
29098
29684
29820
30310
31381
31382
31383
31509
32293
32523
32524
32525
32651
33170
33387
33868
33869
33996
33997
33998
34018
34453
34951
35787
36224
36225
36226
36352
36374
37166
37313
37314
37441
37442
37485
37507
37551
37679
37701
37702
37798
37864
38029
38030
38051
38178
38222
38372
38416
38417
38418
38419
38566
38567
38610
38623
38647
38951
38990
39002
39048
39049
39176
39177
39178
39179
39180
39304
39305
39306
39307
39308
39465
39551
39553
39554
39555
39681
39682
39683
39684
39685
39809
39810
39811
39812
39813
39937
39938
39939
39940
39941
40065
40066
40067
40068
40069
40193
40194
40195
40196
40197
40336
40337
40338
40339
40340
40581
40582
40583
40584
40585
40709
40710
40711
40718
40719
41274
41677
41741
42578
43443
43444
43456
43457
43458
43493
43584
43601
44098
45356
46668
47624
48490
49313
49314
49315
50863
57591
68184
68910
70955
75348
78059
79425
80283
81232
83967
84747
85550
88613
89437
90252
93728
96803
96943
97598
98659
98661
98662
99123
99593
99911
99912
99913
99959
100902
101180
101181
101182
101467
102345
102473
102474
102475
102492
102493
102620
102635
103237
103765
104786
106216
107711
109247
109384
109414
109558
109560
109806
109886
109887
110014
110015
110314
111567
111676
111713
111804
111805
111826
112681
113644
114192
