788
2661
3623
4159
5005
5903
6773
7924
7925
8725
10016
10891
11783
12686
14412
15703
16640
17070
17071
17473
17723
17851
17852
17853
18180
18181
18308
18643
18968
18969
19005
19098
19099
19100
20360
22031
23072
24466
25443
26401
27891
28870
29846
30825
31804
32783
33762
34742
35720
36708
38914
40098
40923
41692
42479
43264
44276
45149
45892
47420
50582
51405
52250
54246
55313
56120
57191
59943
61107
62050
62890
63724
65300
67218
68383
69473
70605
72179
73725
75326
76381
76443
76594
76595
76596
76629
76686
77396
77591
77592
77593
77610
77772
78337
79628
79927
79964
80087
80151
80170
80990
81192
81323
81345
81381
81476
82131
82300
82301
82406
82513
82535
83464
83699
84149
84928
85765
86667
86689
86690
86700
86717
86895
86919
87455
87730
87988
89087
89951
90099
90100
90136
90227
90246
90693
90987
91024
91115
91116
91117
91765
91859
91987
91988
91989
91990
92455
93591
93726
93727
93728
93729
94292
94642
94820
95180
96012
96854
97395
97396
97397
97398
97523
97524
97525
97526
98326
99140
99983
100860
101745
102616
103606
104475
105348
106210
107081
107949
108816
111182
111707
112550
113006
113007
113008
113018
113164
113178
113626
114162
114236
114364
114365
115101
115197
115751
115788
115879
115880
115881
116863
117362
117466
118180
119085
119751
