1173
1714
2679
3536
4439
5418
6219
7120
8339
11775
12550
13757
15912
16869
17835
18716
18850
18851
19433
20020
20027
20157
20158
20852
20858
21631
21671
22503
23616
23618
23619
23655
24554
24742
24743
24744
24779
24870
24871
24872
24873
24907
24998
24999
25000
25700
25737
25843
26502
26545
27087
27124
27736
27760
28129
28201
28635
28890
28909
29424
29425
29461
29557
29591
29632
30628
31403
32180
32961
33784
34583
35832
36204
36205
36206
36241
36351
36566
37146
37147
37148
37275
37276
37277
37820
37821
37970
38844
39397
39398
39399
39547
39548
39569
40367
41513
41640
41662
42467
43132
43154
43326
43327
43328
43469
43513
44201
44223
44224
44225
44362
44556
45353
45960
46753
46759
46909
47287
47427
47428
47520
47662
47684
48467
49317
50922
51883
52829
53751
54721
55667
57681
58388
58389
59184
59734
59862
59863
59864
59865
59866
59990
60781
61760
62619
63528
64447
65367
66452
66453
66454
66580
66581
67354
67541
67550
67678
67942
69077
69078
69079
69830
70655
71568
