766
1524
2537
3325
4217
5118
6105
7490
8681
9544
10429
11321
12161
12929
13750
14724
15492
16276
16433
16434
16563
17356
18176
19096
19950
20780
21716
22180
22739
23182
23699
23700
23701
23702
23703
23827
23828
24675
25507
26352
27120
27121
27122
27123
27867
28687
29527
30413
31290
32166
33257
33259
33260
34051
34870
35419
35421
35432
35434
36230
36539
37089
37090
37091
37886
38155
38156
38157
38158
39239
40529
41287
42080
43303
44287
45282
46763
47742
48718
49697
50676
51655
52634
53613
54591
55574
57858
57920
58687
59974
62834
67121
70123
70975
75964
78325
80196
82901
85186
86893
88170
89039
89485
90273
90399
91274
92209
93139
93576
93613
93735
93770
93788
94355
95238
96122
96776
96818
97508
97590
97748
97750
97762
98010
98365
98493
98494
98495
98496
98497
98621
98622
98623
98624
98625
98749
98750
98751
98752
98753
98877
98878
98879
98880
98881
99020
99021
99022
99023
99024
99148
99149
99150
99151
99152
99276
99277
99278
99279
99280
99404
99405
99406
99407
99408
99547
99548
99585
99624
99625
99752
99753
99754
99755
99756
99880
99881
99888
99889
99890
100016
100017
100018
100019
100035
100327
100328
100339
100341
100342
100469
100470
100471
100472
100473
100597
100598
100599
100600
100601
100725
100726
100727
100728
100745
101020
101021
101125
101126
101127
101817
102040
102041
102042
102168
102695
103741
104585
105297
105425
106125
106947
107777
108607
109440
110277
111108
111938
112832
113670
114020
114540
117856
118284
118321
118412
118413
118431
118432
118468
118559
118560
118561
118562
118596
118687
118688
118715
118755
118807
118903
118931
118943
118945
118982
119073
119074
119075
119076
119110
119229
119230
119231
119232
119266
119372
119373
119374
119375
119409
119500
119501
119502
119503
119537
119628
119629
119630
119631
119665
119756
119757
119896
121056
121115
121307
121358
121413
121477
121527
121695
121770
121825
122761
123275
123366
123493
123540
123554
123635
123745
123764
123765
123766
123801
123892
123893
123894
123895
123929
124020
124021
124032
124050
124089
124180
124193
124194
124195
124230
124321
124322
124323
124324
124359
124463
124464
124465
124466
124500
124591
124592
124593
124594
124628
124719
124720
124721
124722
124756
124847
124848
124883
124913
124949
125055
125056
125080
125108
125145
125236
125237
125238
125239
125273
125364
125365
125391
125392
125428
125519
125520
125531
125543
125580
125671
125672
125673
125674
125708
125799
125800
125801
125802
125836
125927
125928
125941
125962
125999
126100
126101
126102
126103
126137
126252
126253
126254
126255
126290
126381
126382
126383
126384
126418
126509
126510
126511
126512
126546
126637
126638
126639
126640
126682
126780
126781
126782
126783
126817
126908
126909
126910
126911
126945
127036
127043
127047
127048
127084
127175
127176
127177
127178
127212
127303
127304
127305
127306
127340
127431
127432
127433
127434
127468
127559
127560
127561
127562
127596
127687
127688
127699
127722
127759
127874
127875
127876
127877
127911
128002
128003
128004
128005
128039
128130
128131
128132
128133
128167
128258
128295
128323
128324
128367
128465
128466
128521
128522
128558
128649
128650
128651
128652
128686
128777
128792
128796
128797
128833
128924
128925
128926
128927
128963
129054
129055
129056
129057
129091
129182
129183
129184
129185
129294
129385
129386
129387
129388
129389
130170
130980
131843
132668
133557
134438
135310
136217
137145
138044
138979
140277
141513
142295
142771
142899
142900
142901
143190
143395
144107
144463
144464
144722
146062
146868
146869
146870
146871
147622
148813
149235
