2793
3603
4587
5419
6415
8191
9163
10037
11040
13613
16401
16817
17012
18083
19049
20035
21055
21893
22256
23703
24557
25385
27285
28272
29288
30291
31844
32820
33799
34778
35757
36736
37715
38693
39675
40662
45067
49680
50551
51978
52953
53823
54662
57371
59364
60218
60980
62837
64850
65813
67326
68325
69643
70709
73694
74920
74921
75977
76563
76564
77355
77444
78191
79200
79201
79328
79930
80266
80753
81596
82037
82038
82043
82248
82281
82520
82689
82690
82711
82712
82839
82840
82870
82905
82906
83033
83051
83844
84699
85093
85221
85222
85250
85794
86427
88152
89804
91313
92975
93018
93037
93494
93516
93525
93550
94084
94258
95135
95136
95757
95784
114113
116028
122745
124137
125208
126055
126903
127717
129801
130567
131641
132475
133821
137779
137918
137978
137979
138774
139570
140442
141362
142547
142791
143041
143782
144601
146206
146890
146891
147018
147019
147020
147021
147022
147819
148049
148060
148061
148062
148188
148189
148533
149174
150079
150921
151786
152483
152548
153340
154188
155029
155576
156402
157229
158081
158952
158953
158954
158975
159787
160054
160055
160056
160057
160182
160201
161056
162035
162537
