700
1462
2465
3368
4473
5345
6246
7197
7965
8797
9597
10177
10972
11865
12765
13607
14443
15280
16131
16842
17664
18883
19522
19523
19524
20053
20861
21687
22532
23443
23445
23575
23576
23577
23578
23579
24188
24800
25028
25029
25030
25156
25157
25158
25914
26054
26197
26198
26199
26760
27282
27896
27939
28011
28363
29254
30101
30968
31819
32787
33608
34451
34923
34924
34925
35639
35876
36726
37569
38252
38261
38469
39254
40169
41199
42069
42931
43808
44180
44181
45027
45851
46855
47685
48170
48171
48320
48345
48919
49398
50310
50898
50899
50944
51733
52567
53483
53629
53630
54323
54383
54692
54693
54714
54807
55000
55187
55209
55922
55951
55952
56123
56860
57366
58204
58363
58400
58513
58557
59327
59348
59395
59488
59517
60344
61198
62066
62925
63782
64644
64954
65427
65908
66020
66021
66580
66898
67106
67391
68231
69952
71436
72333
73027
73028
73029
73656
74296
74311
74312
74313
74348
75019
75097
75099
75366
75403
75970
77435
77436
77437
77472
77563
78362
78984
78985
78987
79868
79874
79878
80596
81990
82003
82004
82005
82006
82131
82149
82768
82854
82925
83075
83076
83077
83881
84719
84988
85781
86750
87595
88266
88394
88395
88413
89247
90066
90912
91785
92620
93448
94415
94416
