696
1457
2242
3843
4773
5747
8268
9070
9427
9445
10133
11089
12054
13002
13109
13777
14006
14133
14433
14683
14684
14929
15391
15392
15393
15394
15395
15889
16938
18037
18039
18040
18167
18168
18747
19043
19577
19705
19706
20009
20837
21617
22139
22140
22141
22745
22838
22966
22967
23528
23985
24959
24961
24962
24963
24964
25035
25848
26947
27838
28758
29700
30605
31483
32356
33222
34084
36680
37684
37687
38611
39398
39399
39400
39401
39402
39526
40316
41165
42022
42151
43088
43668
43690
43691
43692
43862
43863
44694
45254
45255
45291
45382
45881
46197
46617
46654
46745
46767
46798
47248
47292
47626
47659
47816
47956
48660
49450
49472
49484
49652
49711
49882
49883
50519
50520
50521
50668
50686
51272
51987
52000
52254
52408
52430
52447
52504
52614
53604
54641
54642
54678
54769
54770
55593
56437
56720
56811
56812
57429
57875
57947
59000
59001
59002
59003
59959
61379
61380
61889
62581
62618
62709
62710
62711
62712
62713
63614
63697
64316
64317
64353
64444
64445
64482
64521
64558
64667
65165
65196
65216
65767
77750
79908
80829
84769
86993
89275
90909
92323
94227
96705
98501
100625
101478
102345
103543
104353
107050
109889
111060
111127
