1493
2328
2329
3209
5184
6128
7103
7848
8605
9650
10535
11420
12613
12738
12865
13544
14271
14279
15036
15773
15774
16263
16265
16266
16393
17157
17825
18250
18251
18380
18381
18382
18383
18384
18508
18509
18510
18511
18512
18636
19232
19233
19234
20018
20858
21734
21735
22298
22299
22426
23427
23553
23554
23555
23785
24225
24306
24719
25902
26698
27537
28398
29279
30164
31070
31121
31122
31140
31930
32058
32059
32060
32061
32062
32868
34372
34651
34652
34653
34779
34780
34781
35068
37090
38412
39428
39514
39580
39680
39808
39830
39831
39874
39875
40076
41219
41243
41244
41298
42135
43035
43053
43978
44702
44743
44928
44943
45060
45082
45232
45862
46033
46325
47116
47420
48342
49714
49798
50295
51152
51173
51177
52451
53407
53592
54257
54395
54859
54860
54987
54988
54989
54990
55781
56721
57020
57021
57022
57023
57754
57766
57767
57768
57769
58398
58564
58903
59138
60194
61835
63199
63248
63249
63755
64279
64280
64281
64282
64780
66059
66088
66089
66886
67705
67833
67857
68330
68559
68567
68695
68785
69109
69391
69650
69879
70039
70369
70723
71212
71634
71883
71884
71973
72251
72565
72757
72763
72880
73064
73530
74213
74214
74215
74216
74341
75094
75955
76599
