2153
3007
3857
4693
6418
8218
8841
9814
10741
10993
11409
11678
12354
12583
12584
12585
12620
12711
12730
13232
13879
13916
14026
14328
14329
14330
14331
14782
14783
15372
15389
15658
15749
15778
16327
16631
16668
16787
17216
18004
18868
19695
21702
23130
23617
24627
24920
25048
25049
25050
25895
26932
27060
27061
27062
27063
27064
27188
27189
27190
27191
27509
27637
27642
28888
29976
30759
31775
34986
36472
37451
38427
39406
40385
41364
42343
43322
44300
45288
47036
47843
49357
66440
67206
68308
69147
71108
72760
73909
74725
75554
79037
79038
91304
92536
94885
96362
97263
98127
99759
100583
101410
102247
103002
103844
104814
105589
106346
107229
108072
109219
111040
113601
115544
116429
117631
118953
120808
123121
124928
125887
127468
127596
127633
127677
127678
127679
128369
129211
130075
130979
132021
132022
132385
133231
134666
135323
135324
135325
135326
135327
135328
135772
135773
135774
135775
135776
135900
137799
138625
139484
142828
144315
145294
146273
147252
148231
149206
150185
151164
152143
153130
156195
158693
159475
160439
161348
162208
163015
166689
167502
168345
169324
171107
171936
172738
173732
175179
175180
175181
175182
175183
175307
175312
175313
175314
175315
175440
175441
175442
175443
175444
175568
175569
175570
175571
175572
175696
175697
175859
175860
175861
175986
175987
175988
175989
175990
176114
176115
176116
176117
176118
176308
176323
176342
176343
176344
176469
176517
176518
176519
176644
176645
176646
176647
176648
176772
176773
176774
176775
176776
176901
176902
176903
176904
176905
177029
177030
177040
177217
177242
177370
177371
177385
177386
177387
177513
177514
177515
177516
177517
177641
177642
177643
177644
177645
177769
177770
177771
177772
177773
177897
177898
177899
177900
177901
178025
178026
178027
178028
178029
178153
179397
179542
179592
179637
179820
179874
179925
179980
180040
180223
181155
181739
181741
181742
181884
181885
181886
181887
181888
181951
182013
182014
182015
182016
182021
182269
182316
182390
182391
182427
182543
182566
182595
182596
182633
182724
182725
182726
182727
182761
182852
182853
182854
182855
182889
182980
182981
182982
182983
183017
183108
183109
183110
183111
183145
183236
183237
183238
183239
183240
183431
183473
183474
183475
183509
183624
183653
183654
183655
183690
183781
183782
183783
183784
183818
183909
183910
183911
183912
183946
184037
184038
184039
184040
184041
184165
184166
184167
184168
184179
184317
184318
184319
184320
184354
184463
184499
184500
184501
184536
184627
184632
184633
184634
184670
184761
184762
184763
184764
184765
184889
184890
184891
184892
184926
185017
185018
185019
185020
185054
185145
185171
185172
185173
185208
185299
185300
185301
185302
185336
185427
185428
185429
185430
185464
185555
185556
185557
185592
185683
185732
185782
185783
185784
185910
186403
187564
188569
189452
192672
194140
195119
196098
197077
198056
199035
200014
200997
201976
202959
206240
208472
212532
213346
217119
217950
218969
219782
221659
222538
223723
223761
229349
