1751
2898
3564
4758
5998
7686
8585
9868
11193
11437
11438
11439
12351
13236
14130
14679
14680
14806
15148
15430
15431
15432
15560
15561
15562
15563
15872
16035
16036
16039
16040
16041
16167
16168
16169
16170
16171
16295
16296
16297
16298
16299
16332
16423
16424
16438
16439
16440
16566
16567
17122
17123
17250
17252
17253
17285
17371
17538
17566
17567
17568
17569
17694
17695
17696
17697
17700
17822
17823
17824
17825
17826
17950
17951
17952
17982
17983
18110
18111
18112
18113
18114
18238
18243
18260
18261
18265
18415
18439
18440
18441
18461
18589
18633
18634
18749
18750
18899
18900
18965
18966
19639
20063
20071
20072
20173
20276
20998
21010
21127
21149
21171
22096
22935
23725
24562
25443
26225
26643
27070
27146
27806
27978
28036
28788
29186
29187
29314
30582
30644
30645
30646
31099
31100
31112
31113
31114
31240
31241
31765
31777
31778
31905
31906
31907
31908
32501
32641
33058
33852
34694
34950
35078
35079
35080
35470
35806
36446
36447
36448
37227
38062
38942
38995
39777
40172
40187
40315
40316
40854
41670
42496
43544
44405
44408
45224
45225
45352
45353
45784
45785
45791
45919
45920
46123
46124
46150
46305
46317
46318
47445
47685
48608
49481
49648
49649
49650
49776
49777
49778
49779
49780
50588
50890
50891
50892
51704
52043
52302
52303
52736
52737
53957
54919
54920
54921
54922
54956
55047
55048
55049
55050
55084
55971
56800
57365
57380
57416
57526
58403
58811
58812
58848
58939
58940
58941
58942
59646
59737
59738
59739
59740
59774
59865
59866
59867
59868
59869
60828
62475
64044
64848
64871
65003
65025
65044
65722
66647
66738
66739
66740
66741
66775
66866
66867
66881
66882
66883
67722
68643
69348
