1510
2241
3073
3935
4811
5672
6526
7282
8175
9043
9943
10086
10835
11787
12574
13382
14211
15059
15895
16754
17592
18140
18999
19827
20720
21640
22447
23723
25706
26456
27275
27963
28986
29186
29573
30665
31122
31321
31322
31323
32026
32169
32848
32849
32850
32885
32976
32977
33374
33673
35023
35291
35379
35380
35381
35422
35619
36432
37261
37610
37629
38537
39187
39206
40372
41242
41333
42428
44057
45296
46020
47007
47981
48972
50457
51460
75072
80956
81775
82891
83872
84822
84823
85469
86933
87213
87384
87830
88356
88357
88393
88484
90873
91721
93556
94539
96018
96976
97951
98930
99909
100888
101867
102846
103825
104809
106719
107591
108797
109648
110417
111206
111983
112919
113808
114673
116303
117215
118043
120593
122497
123452
124295
126083
126892
127715
128558
129423
130288
133301
135763
139897
141509
142658
144752
145037
145636
146030
146878
147567
147585
148405
149229
150124
150125
150126
150269
151051
151880
152691
152692
153139
153958
154809
155634
156468
157297
158118
159564
159565
159566
159692
159693
159694
160777
160852
160980
160995
161799
162678
163375
