897
1915
2772
3728
4896
5850
6820
8355
9152
9683
10588
11469
12365
13577
13759
13937
13982
14253
14254
14255
14256
14290
14380
15543
15869
15870
15886
16689
17399
18225
18876
18913
19022
19430
19506
19507
19508
20098
20099
20100
20101
20102
20228
20253
20279
20289
20290
20417
20418
20419
20420
20421
20545
20546
20547
20548
20549
20673
20674
20675
20676
20677
20801
20802
20803
20804
20805
20929
20930
20931
20932
20934
21078
21422
21444
21445
21446
21572
21573
21574
21638
21639
21766
21767
21768
21786
21852
21980
21981
21982
21983
22056
22250
22265
22266
22360
22361
22488
22554
22576
22620
22621
22748
22749
22750
22792
22793
22942
22994
23002
23003
23046
23196
23197
23198
23199
23200
23324
23368
23390
23391
23392
23518
23519
23562
23584
23585
23712
23713
23714
23727
23728
23856
23857
23858
23859
23860
23984
23985
23986
23987
23988
24112
24113
24129
24130
24131
24257
24258
24259
24260
24261
24385
24400
24401
24402
24403
24528
24529
24530
24531
24532
24694
24724
24726
24727
24728
24854
24855
24856
24857
24866
25006
25192
25200
25201
25202
25328
25329
25330
25331
25332
25456
25457
25458
25459
25460
25584
25585
25586
25587
25589
25717
25718
25719
25720
25721
25845
25846
25847
25848
25849
25973
25974
25992
25993
25994
26029
26120
26121
26182
26185
26221
26327
26328
26352
26375
26412
26559
26591
26615
26616
26647
26799
26800
26801
26802
26836
26927
26928
26929
26959
27020
27111
27112
27113
27114
27168
27297
27299
27300
27301
27336
27427
27428
27429
27430
27464
27555
27556
27557
27570
27607
27698
27702
27703
27704
27739
27830
27831
27834
27835
27871
27962
27976
27977
27978
28013
28104
28105
28146
29376
30078
30253
30285
30330
30360
30390
30571
30621
30685
31656
31879
31980
31981
32000
32001
32038
32129
32130
32131
32132
32166
32278
32356
32374
32936
33689
34563
35266
35267
35278
35315
35474
36188
36990
37749
37786
37877
37878
37879
38372
38687
39523
39524
39525
39542
40278
40678
41355
41356
42133
42938
43775
44679
45519
46282
46319
46410
46446
46476
47208
48018
48862
49453
49506
49507
49525
50296
51150
51528
51529
51565
51656
51675
52467
53044
53081
53191
53591
53592
53593
53628
53769
53883
54551
55374
56207
57115
57116
57317
57891
57892
58019
58038
58662
59588
60210
60358
61152
61979
62879
63154
64197
65149
66299
67533
68515
69765
70993
71957
72906
73851
74996
76802
79821
84048
94629
97444
98386
101545
104173
105466
106308
107128
111073
111874
114274
115475
116298
117416
118555
119395
119961
120482
120699
120705
120713
120841
120842
120963
120969
120970
121097
121098
121270
121271
121272
121398
121399
121400
121401
121993
122133
122134
122135
122654
123004
123833
124401
124402
124428
124628
126037
127384
128330
129276
130222
131168
132114
133060
134044
134990
135936
136882
137828
138774
139720
145122
145947
146841
147970
148947
149921
150902
151859
152838
153817
154796
155775
156754
157733
158712
159687
161238
162017
162906
164104
164954
166175
166940
171300
