1512
2271
3180
3962
4858
5729
6632
7474
8284
9123
9918
10622
13673
15181
15872
15873
15874
16000
16370
16856
17680
18511
19006
19007
19013
19014
19334
19462
19463
19464
20258
21093
21606
21607
21933
21934
21935
22572
22745
22835
23675
24025
24153
24154
24950
25770
25925
26807
26829
27667
28533
29409
30283
31412
32502
33920
33945
34091
34093
34095
34107
34928
35762
36721
36722
37468
37880
38272
39113
39193
39201
39275
39403
39404
39405
40175
41011
41561
41562
41563
42350
43177
44045
44833
45246
45411
46244
46750
47548
48327
48349
48698
48826
48848
48849
48850
49536
49555
49746
50216
51080
51911
52151
52261
54061
55058
55834
56709
60971
61551
62530
63506
64485
65463
66442
67421
68400
69369
70361
72180
72889
74083
74998
75773
76569
77349
78376
79239
79972
81639
87855
88580
89621
90422
93740
97304
98712
100527
100528
100529
100530
100531
100655
100656
100657
100658
100659
100783
100784
100785
100786
100787
100911
100912
100913
100914
100915
101039
101040
101054
101055
101056
101182
101183
101184
101185
101197
101325
101326
101327
101328
101329
101453
101454
101455
101456
101457
101581
101582
101583
101584
101585
101709
101710
101711
101733
101741
101881
101883
101895
101897
101898
102033
102034
102035
102036
102037
102161
102162
102163
102164
102165
102321
102322
102323
102324
102325
102449
102450
102451
102452
102453
102577
102578
102579
102580
102581
102705
102706
102710
102711
102712
102838
102839
102902
102903
102917
103044
103045
103092
103093
103094
103220
103221
103222
103223
103224
103511
103512
103513
103514
103515
103638
103639
103640
103641
103642
103675
103766
103778
103796
103798
103845
103993
104019
104021
104022
104058
104149
104150
104151
104191
104286
104287
104288
104289
104323
104413
104414
104415
104416
104451
104542
104543
104544
104545
104579
104670
104675
104676
104677
104712
104803
104804
106017
106917
106972
107170
107225
107280
107335
107385
107573
107628
108808
109205
109377
109406
109578
109579
109580
109616
109722
109723
109724
109725
109759
109850
109851
109852
109853
109854
109887
109990
110009
110024
110061
110166
110167
110168
110169
110216
110313
110314
110315
110316
110350
110440
110441
110533
110534
110535
110661
110662
110663
110664
110665
110789
111523
112943
113481
113482
113912
114859
115701
116580
117466
118381
120274
125795
130452
131431
132410
133390
134371
135353
137309
137394
139525
144971
145794
146569
149369
151291
152049
153836
154725
155551
158450
160023
161050
163840
164688
165295
165583
165957
166387
166388
166526
166527
166545
167063
167280
167661
167686
167989
168220
169750
170362
