1268
2136
2283
3214
4121
5082
6394
6395
6865
6874
7989
8958
9913
10763
10836
10837
10838
10839
10965
11298
11566
11567
12343
12473
12474
12704
13315
13897
13934
14027
14028
14029
14039
14837
14928
14929
15516
15517
16144
16235
16236
16237
16238
16272
16363
16373
16957
16958
16959
17085
17100
17106
18353
19429
20590
21890
23359
24165
24171
24299
24300
24845
24846
24847
24973
24974
24975
24976
24977
25811
26252
26253
26254
26255
27181
27281
27282
28049
28055
28214
28215
28803
28809
28810
28937
28938
28959
29003
29004
29743
29749
29750
29771
29793
29943
29944
29945
30499
30527
30699
30743
30765
30766
30787
30981
31078
31137
31159
31160
31351
32121
32253
33205
34051
34851
35648
36463
37264
38077
39055
39847
40055
40069
40113
40263
40264
40870
41376
41377
41505
41506
41507
41508
41509
41633
42165
42166
42167
42168
42293
43105
43279
43280
43281
44071
44506
44507
44508
44509
44634
45293
45299
45300
45301
46058
46064
46929
46935
46936
47063
47064
47720
47726
47727
48547
48672
48673
48674
49421
50355
51037
51037
