699
1500
2329
3207
6432
7607
8539
9508
10416
11652
12495
13397
14236
15210
16161
17126
20118
22739
23548
24305
26208
26913
26914
27653
28526
28612
28676
29175
29303
29304
29305
29306
29307
29998
29999
30000
30001
30002
30126
30127
30128
30803
31662
32499
33322
33323
34421
35133
35261
35262
35575
35804
35805
35932
35934
35935
36648
37789
38638
39537
40419
40585
40713
40714
41265
42313
43717
44526
45174
49410
50412
51389
52368
53347
54326
55305
56284
57262
58242
60625
61433
62860
63653
64460
65232
66230
67456
68205
69082
70394
70441
71331
72169
74729
76749
77887
78697
82002
83424
84277
86124
88042
90448
92063
93482
95579
96392
96445
96592
96611
97397
98513
99396
99536
99549
99568
100332
100741
100904
100905
100923
101676
103198
104438
105352
106189
106986
107846
108682
112052
112053
112070
113081
114373
114711
114712
114727
115725
115956
115969
115970
115971
115972
116097
116116
116628
116929
116930
117057
117058
117059
117060
117061
117185
117186
117187
117188
117189
117313
117314
117315
117316
117317
117441
117474
117536
117565
117580
117708
117709
117710
117711
117712
117836
117837
117838
117839
117840
117964
117965
117966
117967
117968
118092
118093
118094
118120
118136
118266
118382
118383
118384
118385
118510
118834
118835
118836
118837
118967
119176
119177
119178
119179
119303
119304
119797
119875
119876
120003
120004
120005
120006
120007
120131
120132
120133
120134
120135
120259
120260
120261
120262
120263
120387
120408
120936
121745
122552
123358
124163
124954
124955
124956
125082
125532
125781
125911
125912
125913
126039
126040
126041
126042
126043
126167
126612
127417
127860
127861
127988
127989
127995
128772
129099
131669
131727
131728
131958
133420
133999
133999
