1490
2365
3286
4077
4956
5847
6724
7520
8283
9124
10114
10995
11890
12780
13674
14378
15893
17008
17009
17010
17138
17144
18016
19238
19240
19983
20615
20616
20617
20618
20745
21187
22279
23108
23526
23654
23655
23656
23657
23975
24105
24106
24107
24108
24919
25763
26606
27928
28132
28133
28262
28713
29076
29896
30647
30788
31562
32044
32909
33731
34074
34075
34076
34077
34111
34202
34214
34889
35047
35858
36656
36657
36675
37074
38140
39678
40552
41099
44501
45983
46966
47938
48917
49904
50883
51862
52846
53816
55360
56148
56838
58231
59078
59873
60690
61565
62407
63338
64083
65819
66722
67608
68423
73331
74186
74949
80444
84607
88758
93029
94123
94124
94154
94167
94204
94295
95280
96694
98000
98284
98432
98454
98455
99335
100326
100417
100418
101471
102009
102046
102137
102138
102144
102548
103506
103703
103704
103705
103706
103740
103850
104663
105440
106270
107216
108085
109091
109092
109093
109110
109806
110544
110570
110577
111050
111198
111339
112308
112309
112349
112444
112445
112446
112459
112496
112587
112588
113415
114406
114407
114534
120349
121357
122317
123296
124275
125254
126233
127212
128188
129169
130148
131128
131951
132905
143206
