715
1516
2356
3272
4063
5936
6892
7804
8722
9468
10279
11153
11938
12877
13700
14554
15448
15449
16140
16141
16992
17098
17308
17309
17345
17443
17840
18429
19380
19417
19510
19516
19547
19582
19583
19710
20547
20615
20616
20617
21217
22310
23896
24108
24109
24685
24686
24692
24697
25243
25379
25380
25381
25382
25383
25528
25615
25616
25617
25620
25750
25751
25752
25753
25754
25878
25882
25883
25884
25885
26010
26011
26029
26030
26031
26157
26158
26159
26160
26161
26285
26286
26287
26288
26307
26435
26457
26479
26480
26501
26629
26630
26673
26674
26675
26823
26824
26825
26867
26889
27039
27109
27110
27184
27206
27393
27437
27459
27554
27555
27682
27748
27792
27793
27801
27802
27920
27942
27986
28001
28155
28197
28199
28221
28265
28393
28394
28395
28396
28397
28521
28522
28523
28524
28525
28649
28650
28651
28652
28653
28777
28778
28779
28780
28781
28905
28906
28907
28908
28909
29033
29034
29035
29036
29037
29161
29162
29163
29164
29165
29302
29303
29304
29305
29306
29445
29446
29447
29448
29449
29577
29578
29579
29580
29581
29705
29743
29764
29766
29771
29899
29900
29901
29902
30068
30223
30251
30252
30253
30254
30379
30380
30381
30382
30383
30507
30508
30509
30510
30511
30635
30636
30637
30638
30639
30763
30764
30765
30766
30767
30891
30892
30893
30894
30895
31019
31020
31021
31022
31023
31147
31148
31208
31212
31213
31354
31355
31402
31403
31404
31549
31550
31551
31552
31553
31677
31678
31679
31680
31692
31820
31821
31822
31823
31824
31948
31949
31950
31960
31962
32137
32146
32147
32148
32149
32183
32274
32275
32276
32277
32311
32402
32403
32404
32405
32439
32530
32531
32532
32533
32567
32662
32663
32666
32667
32703
32794
32795
32796
32797
32831
32922
32923
33030
34936
34962
35167
35212
35247
35297
35305
35490
35503
35538
37043
37067
37194
37319
37374
37455
37475
37603
37604
37605
37606
37607
37731
37732
37830
37831
37832
37958
37959
37960
37970
38408
39311
39391
39392
39393
39807
40334
41168
42077
43018
43969
44223
44224
44225
44226
44227
44860
45508
46325
46326
46327
46453
46454
46455
47465
48367
48495
48496
48561
49164
49710
49837
49838
49890
49891
49892
50833
51321
51322
51323
51324
51449
51450
51451
52328
52571
52699
52700
53535
53886
53887
54216
54341
54342
54343
55325
55518
56312
57129
57256
57257
57890
58199
58211
59149
60397
61243
62273
63256
64232
65189
66741
67720
68697
69676
70655
71634
72613
73592
74571
75554
78747
82238
86090
87356
88167
89005
89834
92408
93176
94974
95793
96557
99736
101347
106622
106823
106824
107769
108605
109453
110171
110172
110173
110184
110185
110819
111254
112088
112939
113804
114669
115269
115270
115271
116219
117171
117172
117173
117174
117175
117299
117300
117301
118278
118744
119442
119443
119454
119468
119500
119640
119641
119642
119643
120427
120953
122124
122125
122126
122127
122252
122253
122254
122255
123055
124606
