805
2136
3206
4078
4978
5829
7303
8106
8933
9767
10629
11494
12436
16234
17039
17881
18774
19722
20576
20879
20880
21009
21419
21659
21913
22749
23599
24075
24395
24396
24397
24525
24526
24852
24853
24854
24980
24981
24982
24983
25723
26558
27401
28297
28303
28304
28446
28448
28650
29295
30279
31448
32241
32243
32244
32327
32482
32488
32489
32490
32491
32851
33230
33231
33232
33233
33358
33359
34162
34981
35053
35181
35423
36257
37103
37951
38210
38211
38212
38213
38214
38338
38339
38360
39163
39334
39462
39463
39494
39495
39923
40417
40474
41381
41731
41732
41903
41925
42531
42565
42566
43402
44364
45269
46139
47014
47223
47245
48079
49118
49827
50026
50070
50071
50099
50990
51847
52417
52418
52469
52504
52795
52814
53624
54519
55366
56227
57091
57092
57109
57867
58620
59475
60248
60249
61043
61950
62845
63096
63107
63769
63899
63900
64636
65479
66106
66904
67680
68607
68608
69014
69888
70730
71592
72466
73359
75283
75284
75285
75286
75320
75430
75897
76755
77610
78470
79323
80185
81039
81763
81800
81891
82715
83578
83749
84518
85165
85166
85167
85168
85169
85653
86248
86277
86530
88040
88649
