847
1328
2293
3162
4073
5438
6413
7702
8095
8697
9466
10373
11284
11285
12229
13028
13838
14130
14131
14700
15353
15359
15361
15362
15363
16276
16594
16918
18260
18542
18672
18673
18674
18675
19447
20742
20934
20935
20936
20937
21062
21541
21645
21653
21659
21787
21788
22106
22108
22109
22788
22789
24184
25204
25205
25332
25407
26191
27091
27731
28390
29208
29853
29854
29865
29995
29996
29997
29998
29999
30123
30124
30125
30126
30127
30581
30582
30583
30584
30585
30709
31248
32069
32869
32870
32997
33019
33020
33063
33064
33213
33214
33235
33921
34460
34590
35372
36233
37091
37973
38848
39411
39433
39455
39460
39710
39972
40560
41233
41255
41478
41594
42395
42674
42675
43240
43363
43385
43587
43744
43896
43910
43924
44209
44549
44699
44721
45701
46742
47620
48514
49410
50278
51160
52036
52930
54445
55672
55673
55674
55800
55801
56584
57789
58646
59494
60344
60931
60932
61468
61602
61603
61604
61605
61606
61730
61731
61732
61733
61734
61858
62564
63251
63252
63266
63394
64411
65357
66303
67249
68195
69141
70087
71033
71984
72939
73885
74831
75777
76723
77669
78615
80404
81888
81914
82276
83126
83542
84417
85606
85869
85870
86670
87654
88138
