1844
3276
4128
4983
5837
7375
8244
8645
8807
8931
9573
10939
10945
11072
11074
11075
11076
11077
11202
11593
11886
12105
12106
12534
12535
12536
12537
12538
12664
13356
14503
15089
15104
15232
15233
16285
17312
17413
17547
17548
17954
17955
19134
19978
20941
21827
24448
25280
26225
26903
26912
26925
26926
26927
27053
27054
27055
27056
27844
28676
29284
29285
29286
29287
30314
30753
30775
30776
30819
31265
31266
31354
31444
31445
31603
31624
32207
32753
32772
32922
33246
33247
33268
33305
33475
33495
33539
33540
34528
34859
34860
35512
36634
37519
38079
38654
38977
38978
39021
39549
40745
41163
41192
41224
41822
42104
42293
42350
42661
43301
43477
43891
44190
44339
44340
44362
44363
44879
45343
46343
46344
47049
47696
47846
47862
47932
47933
47934
48631
49033
49034
49163
49873
52219
52385
52398
52399
52400
52435
52526
52545
53163
53448
53805
53933
53934
53941
53942
53943
54741
55457
55458
55472
55473
56270
57218
57353
57354
57355
57481
57931
58300
58301
58302
58428
58429
58456
59241
60309
61139
61986
62845
63416
63488
64418
65238
65819
65820
65821
66506
67332
67542
67543
67544
67675
68424
69451
70131
