686
1434
2345
3248
4126
5049
5906
6707
6773
7842
7868
8756
9716
10687
11556
11568
12527
13378
14912
15841
16150
16250
16566
16568
16569
17312
17448
17576
18575
20547
21405
23980
24941
26165
27126
28102
29081
30060
31039
32018
32997
33962
34944
35931
36733
38790
39979
43535
46253
47458
48307
49121
51894
52737
53509
54557
55348
58552
60031
62325
63301
64285
65773
66896
68140
70896
71510
71638
71639
71640
71641
71642
72636
73570
74444
74794
74795
75507
75835
75903
75965
75966
76093
76094
76694
76750
76751
76900
76922
77716
77775
77816
77966
77967
77988
78010
78437
78985
79831
80117
80148
80183
80333
80355
80381
81247
81285
82920
83747
84631
85463
86585
86751
86787
86788
86838
87509
87750
87751
87772
87806
87832
87869
88394
88525
88526
89542
89692
89693
89694
89695
89729
89838
90617
91491
92339
92649
92740
92741
92742
93332
93369
93460
93461
93462
93463
93497
93588
94391
95226
96145
97040
97910
98783
99665
100538
104070
105212
105280
105727
106551
107246
107543
107544
107545
108191
109164
110328
110343
110879
111139
111943
112892
113496
