746
1877
3153
4019
4886
5788
7083
8067
8068
8442
9393
11174
12076
13378
13380
14460
14541
14547
14869
14870
15262
15709
17126
17184
17185
17312
18111
18619
18620
18621
19319
19442
19443
19444
19445
19570
19571
19771
20121
20890
21263
21264
21265
21266
21267
21821
22360
22374
22389
22390
22517
23124
23645
23686
24278
25100
25970
25978
25979
26179
26180
26307
26308
27123
27709
27710
27837
27838
27839
27840
27841
27965
27966
28769
29003
29004
29131
29136
30324
31445
32744
34094
35340
36167
37061
38117
39168
39212
39213
39214
39747
39875
39919
39920
39942
39943
40070
40712
41198
41266
41310
41482
41502
42052
42370
42441
42569
42613
43185
43206
43875
44083
44084
44541
44639
44980
45240
45369
46045
46076
46090
47068
48308
49210
49461
49483
49611
50148
50154
50155
50156
50944
51026
51027
51028
51029
51154
51169
52446
53528
54802
56085
58298
58299
58300
58301
58426
58977
59154
59477
59517
60487
60826
61625
62228
62229
62356
63018
63021
63022
63511
64099
64108
64109
64110
64825
65262
65263
65264
65483
66961
67671
