730
1586
2500
3284
4171
5067
5918
6681
7543
8578
9467
10364
11284
12067
13067
14317
15084
15356
15364
15365
15494
16271
17483
17807
17821
18858
20059
21191
21450
21464
21580
21581
21582
21583
22367
23257
23258
23259
23260
23261
23387
24154
24605
24620
24621
24748
24771
25291
25294
25422
25424
25425
25426
25427
26220
26673
27106
27107
27108
27109
27234
27235
27975
28102
28405
29228
29690
29691
29692
29693
30477
30834
30835
30836
31212
31577
32275
32276
32277
32278
32403
32997
34098
34951
35829
36766
37641
38526
39412
40278
41122
41989
42829
43713
44553
45205
45836
46036
46083
46712
47207
47612
48424
50184
51013
51842
52699
53575
54624
55592
55640
56509
57357
57730
57749
58441
59293
60149
61007
61864
62721
63579
64057
64878
64900
65050
65051
65052
65053
65850
66676
67508
68366
69232
70108
70987
71855
72722
73597
74492
75315
76206
77008
77846
78700
79595
79596
80105
80651
80657
80799
80800
80801
80802
80810
81739
82720
83534
83553
83938
84860
85719
85720
85721
85737
86812
87712
88209
88210
88246
88337
88338
88339
88340
88341
88465
88466
88938
89087
89336
90196
90204
90205
90225
90234
90379
90380
91598
92824
94297
95594
96575
97546
98500
99478
100454
101433
102412
103391
104370
105349
106327
115696
116288
