86
188
208
142
212
0
134
248
93
74
77
218
119
230
201
165
161
705
99
238
175
897
167
128
81
115
107
126
138
143
28
151
96
197
125
207
702
166
199
26
69
122
2
180
253
124
231
254
106
214
305
247
140
89
184
152
34
139
243
120
92
147
699
68
84
91
220
183
39
70
160
109
192
242
98
146
145
174
196
130
228
8
236
252
94
221
191
232
141
87
155
640
49
234
158
53
204
210
579
190
46
116
226
163
701
103
225
75
173
259
73
100
185
704
202
105
323
229
113
76
182
164
162
111
240
88
193
233
703
79
237
339
36
97
90
177
101
602
609
62
329
157
156
337
159
187
137
104
118
72
71
200
698
209
148
194
575
244
85
257
154
153
129
222
133
110
149
150
102
176
