4971
6584
16652
6510
21279
5631
4073
6128
16730
4724
17091
3743
4758
5691
3097
5090
16913
2828
17088
17122
3577
5129
6401
3103
6188
16903
8371
5420
19467
16833
3045
2852
3127
5928
16792
6701
8647
3642
4459
1814
6341
4376
4013
5094
2845
16777
4914
3979
1123
4923
17215
2934
4011
6557
9172
6725
17340
5812
5379
17275
21468
3229
6133
6387
215
16930
5107
2808
5175
4430
1939
5838
2224
4222
17271
6658
5007
1292
3099
6603
5338
2090
16989
4286
5248
6184
3872
4447
2358
6657
8896
5640
3769
2601
6284
5720
8309
3956
3423
5410
17249
4900
9103
3931
5313
4776
3773
6255
5376
6259
8860
3258
5242
3775
5183
8793
16877
2878
2520
2818
5056
5974
6198
3876
17034
5592
2281
21447
6597
5581
6499
16680
3425
5447
3126
2301
6056
17204
8636
4052
5147
6340
6527
2946
6476
2503
978
2303
2370
6762
2768
4092
3689
8716
2956
8183
4091
16947
4281
3264
16920
2847
4401
3628
8840
2812
3563
17261
3462
1187
6736
3821
3740
4935
2661
630
16789
17110
6503
8784
3975
2739
5291
2740
3200
6632
3281
8508
8344
3736
21486
8970
6049
1087
16866
17032
3675
9037
3271
5522
16871
16845
3146
5552
4246
3754
4796
5413
4405
2696
2212
4546
4329
6206
857
16765
17238
3997
2254
3791
4463
4217
16862
4078
16673
6048
3957
1260
552
4195
5488
8801
21474
9243
17243
6595
5125
2937
16842
16642
6149
2465
6768
17124
2953
2345
5905
6703
1016
2618
3343
4262
3877
4014
1607
201
2492
4436
16838
2989
8532
4879
5459
6050
4443
3939
6554
5643
4093
6322
6683
6238
2894
3351
6423
4128
6546
4968
2994
5701
6649
16832
5225
16694
8177
6653
6784
3914
16699
2887
17006
2248
6051
2298
4800
4644
3724
6722
2499
298
5651
3013
6795
4454
4110
6471
8952
204
21495
2475
4726
1941
16958
3102
5041
4699
5490
1333
6304
4481
6637
6770
1176
3250
8452
6518
2658
2188
3626
6074
16834
2369
236
5615
2820
3251
4972
1364
16734
9189
9192
8655
1041
5337
6169
554
5550
3290
21445
4191
2242
6114
6330
3228
5177
17237
43
2251
2574
6839
2448
3381
6130
3314
6201
4558
5504
3656
6178
5251
17107
16647
2924
285
2867
82
5411
8515
6309
16750
16841
4380
6779
3181
5065
17185
5111
6757
3341
16927
4942
16807
2664
4035
2741
2289
16686
2585
2553
4887
5047
16640
17294
5374
17005
5612
2964
8406
1502
4264
21466
2283
16729
6598
17121
19468
3875
5194
6374
3991
5925
2663
8186
3484
5448
2772
6030
5727
4148
5911
17347
5204
5216
1559
2814
17260
798
4354
4736
5623
4029
4312
2707
16688
2543
2231
6715
5694
16766
4126
4924
5215
17137
3058
4627
6809
6680
5926
4268
5896
6785
4978
6287
5646
4123
4806
16801
4090
4691
9242
17288
16696
2978
3962
4700
6107
3866
2362
4878
16806
9112
99
8461
16672
566
1361
5788
21476
5240
17252
8736
6122
3304
3404
3287
17160
17128
1524
5457
4509
6530
4872
2239
21469
17284
5630
5271
9521
2405
1227
16728
2575
5614
21454
6420
3284
4440
5877
5278
3447
3602
16788
4016
6566
16643
8857
3154
16667
21472
16631
5137
1921
17179
9245
2856
3137
16624
4307
16753
17198
2875
16907
3685
16843
4215
4036
6475
16685
9023
3511
16621
1679
1718
1632
6211
8481
6704
3507
3276
5195
17218
6397
8387
16656
16987
17233
8981
17194
5792
16819
17345
17082
16906
5300
3590
5765
16861
1971
5793
3604
8606
4101
2422
4124
16674
8380
8839
21477
1345
17213
16852
1172
5010
6614
6181
6739
17108
9003
1604
3206
17102
6324
1850
6487
8994
6426
16675
8299
16821
5098
3104
21484
9061
3155
8682
838
16708
16746
2408
1972
2586
3802
5186
6393
8718
2373
1732
5279
4155
530
16704
3223
17153
4668
5477
3288
6124
16997
3346
5136
4903
4647
3546
1956
4515
4484
2007
21494
2889
2441
2872
2949
3765
4697
3057
3454
26235
6226
5140
8423
8756
4252
17008
8546
5919
16645
9143
6347
9047
3075
5018
17151
4651
3345
2830
16846
3692
17211
8646
17120
5534
6691
3481
4248
9202
8270
16988
2355
3188
9216
16814
16955
16890
4308
3379
5064
17096
2473
16925
21480
4209
5844
5455
21497
16964
6328
5711
3157
800
5714
5072
3576
17322
1659
5561
4607
2657
3483
9013
6002
8262
3792
16790
16868
9218
4412
2988
2287
455
6404
16715
1671
16939
2552
4865
6406
4487
16780
17045
17039
5484
4049
9210
3134
6008
3541
3746
871
3587
6147
8630
17339
3699
3928
4381
5881
5681
6447
17114
2411
4778
6160
5725
3488
2642
4739
5704
17113
1007
5081
16863
16717
6177
2398
16926
4824
4984
6388
2829
16662
21292
9204
3372
2653
2335
6151
801
16826
2702
2478
4721
4508
17162
4406
3766
16894
8902
17077
3270
8398
6692
4893
6220
5776
16798
5357
2551
2613
16735
8530
5807
21280
4107
4909
6108
2409
5049
9060
5761
6677
4977
269
16968
6615
2546
6717
4012
17196
8372
8943
799
6485
4253
17311
1004
3748
6346
3108
21449
16809
366
17123
17051
2791
2414
17161
5053
5839
2103
5014
5625
4272
16961
2367
6303
5528
16670
17154
3031
4902
6289
9198
8714
8713
5354
3179
16915
2440
5508
2491
6558
21491
462
3079
21493
4015
3224
6573
2401
730
5821
8328
5546
8741
1274
6137
16840
8777
4782
16879
16860
2528
5206
17004
343
17191
3726
4516
142
8407
16719
9197
5571
5541
4416
9194
5353
6740
8540
3426
16856
8494
4822
5997
882
17026
8633
3329
4524
3074
16881
8537
16810
311
5826
3078
6018
6253
1685
16744
16869
6091
3781
3417
8805
17090
5521
8610
3747
4335
4945
8835
4419
6185
2081
1127
16634
16774
5429
4522
4688
5664
4801
8458
5762
5555
5028
1053
4302
5663
4559
16709
2831
4570
21291
2547
17221
5310
4144
9022
5739
5030
175
3230
6019
16632
5856
4586
3332
6706
2118
5616
1970
3694
3273
2511
8789
2799
21488
4244
4979
4495
1025
2675
3796
3579
4494
2532
9138
5055
5599
5745
2271
8780
16929
5736
6427
6617
5198
2581
8701
3824
4989
2352
3473
16773
6788
5134
8438
32
6337
17188
4421
2630
16839
6767
132
9239
8830
3030
6810
1280
3964
16994
16633
16934
4550
6670
3505
16928
3489
3859
6428
2359
6564
5538
6087
6291
2317
4820
3951
2666
9190
16747
3183
6489
5463
5564
5483
17348
4432
6094
5326
6541
5101
2082
4771
4999
17047
3542
2269
3779
16982
17182
5999
16644
2472
17016
17214
5474
6235
3768
1578
6270
6583
4836
4846
21464
8846
6446
3952
6207
4287
16706
16951
21492
17011
4480
6205
3703
4431
2344
6526
4617
2620
2866
3749
170
5709
2124
17202
5361
6655
6582
16970
16870
9237
2529
2319
3886
5886
2597
5295
16967
16678
16800
3715
8400
6574
2439
16874
98
16742
5554
6542
6731
5520
5635
16963
9126
4100
4411
17130
5222
3068
4765
8719
4279
4959
5894
9031
2253
4321
2851
3537
1809
2067
2044
6170
6587
4194
6227
4428
3854
16883
3742
6477
821
4065
9127
6394
2628
17257
1723
6734
2396
3864
5728
1200
5867
156
2458
8553
2243
4514
4204
9217
16795
1283
16857
17003
8259
6792
2767
4703
5292
2786
3763
17087
6300
3831
2999
1035
3901
347
6060
2351
2826
16791
21483
489
17072
2796
8501
6032
4779
3789
2233
4168
4798
9039
17292
5995
6643
2701
1737
5865
8781
4198
5088
8231
6077
5114
21286
16772
6105
2647
8869
3709
8874
5009
17251
9110
4835
8687
2092
3391
5653
6440
16785
21285
16653
3478
4137
4859
2539
4359
3990
6349
4986
8753
3299
2732
4193
16867
6158
4629
2662
4939
4507
17254
8609
2669
17066
6282
726
4229
4089
1170
3845
5644
5836
8483
5731
3406
5464
21490
21489
6577
5156
16783
17287
3794
2407
183
4457
16676
3291
6565
16701
5884
4031
6439
6159
16752
16825
5830
16637
1596
6771
5548
5391
2343
6134
2004
3212
8563
6673
103
16799
8968
9115
2725
2466
6765
4202
17147
4042
4150
9050
2698
2896
6041
17314
5294
2936
6327
3019
6396
3494
16732
16981
16776
17212
5543
21461
5722
4464
5603
891
16960
4059
1710
3837
4730
6709
405
8611
3342
8523
8661
3705
4162
6609
5811
4096
16937
5104
5683
8250
5671
4718
17158
5868
4650
3733
4324
3272
17342
3178
4085
3900
3667
3185
5863
3867
17141
21496
6120
3512
2382
5046
4595
5197
4080
2746
1772
694
3835
17245
6430
17241
16830
8774
2705
6362
6145
17318
6389
2929
4415
6332
2940
5823
2821
16835
5059
6379
5317
1715
4669
5716
2417
16797
2763
2842
5306
4323
1400
5185
86
17267
6306
17336
2981
3930
4336
5307
5022
16804
3643
2322
5619
5576
4528
6153
16854
1648
642
4532
16864
5713
17180
4896
16912
16953
8567
6254
16974
3446
2636
6755
3219
5439
337
4543
2972
5800
3306
5562
2997
17244
4377
16630
21478
5106
6140
5333
5008
3236
16811
3017
3812
17289
1459
16700
5062
2961
16933
4387
4631
6219
8792
4007
2588
5079
6796
16705
5654
6756
9118
16888
4973
5601
16654
3055
17328
9203
6528
16938
6126
2736
4424
3380
6003
6501
16828
2654
1874
2616
4685
4030
6652
21487
16898
9238
5519
6461
2290
2962
5847
2582
8296
2009
917
6411
6611
6290
4254
3167
3095
1496
6377
16655
21470
5913
6144
3297
5243
2942
3213
5029
21465
16919
4975
16923
6801
767
9124
2674
6113
6292
5860
16683
16932
16651
3091
5659
9180
6544
3649
16850
8963
5110
3797
6841
5219
2368
17028
16892
6067
3605
107
6321
3390
4602
2297
5661
3499
5690
5763
9081
2311
4232
17163
5613
2476
6753
16873
3515
572
2428
8220
17007
8321
21289
17138
5620
21463
3498
4728
2846
17081
5036
6047
6271
5712
8693
1526
5443
3894
6843
6529
1576
16681
9083
5689
4735
5358
2965
6193
8935
3958
5021
4367
17242
17101
3450
6392
3136
3683
5050
8512
6505
4228
5982
2286
16759
6027
16778
8642
17142
1642
5705
4823
2493
4936
6295
2823
16710
3309
5912
16658
2558
4008
6373
17040
5862
4184
2975
5266
2715
3983
5524
2410
6109
5237
8767
2501
6640
2843
4551
3231
2234
2782
16748
3536
17012
17085
1908
926
1261
4619
5214
5437
3180
270
3996
4671
13
16917
4098
4208
8347
100
16813
6252
5927
3525
2923
2025
3625
8193
5781
16949
4741
679
16755
5120
5205
4970
2761
1589
8621
3301
2738
2631
8765
5618
3455
16952
6492
3452
5908
3562
5245
733
17332
16769
3528
758
4024
4172
6563
17301
16692
2442
3407
3438
2731
2706
5244
16891
6301
5963
2648
169
4549
8539
9069
5539
21457
2426
8409
606
3255
4503
1570
6663
17232
8668
3813
2325
4170
4768
8420
3027
4944
5269
2469
2045
4932
6277
369
4884
9179
3961
779
3009
4019
5842
17145
17095
1216
9215
17061
5265
17050
5013
2760
16724
4046
4748
559
6572
6057
6183
4838
5971
3354
6136
16945
4060
2966
6372
4009
9176
16768
8288
2181
4485
6676
5327
3735
3353
6580
16902
5743
17235
5535
2474
3771
8444
218
4500
2395
4672
16751
3635
4664
1433
3686
21453
518
16882
1457
4345
4175
17315
3318
16657
8828
4632
3695
2816
2667
17220
2927
5957
3016
6052
6581
17103
2773
2933
9208
6310
612
4630
5673
5054
16910
5497
5305
3168
4205
6647
16885
4143
2580
5228
3727
3678
113
3514
125
8381
5308
9108
9093
2612
4214
16660
2173
2550
4486
6110
490
5882
4877
2354
2430
16848
5766
17307
6594
6646
3503
3713
5418
4578
17159
3063
6664
16666
17174
3865
1157
6042
2919
4683
3774
1163
21287
6437
5073
4847
9019
2264
6125
8363
17009
4511
9085
5414
9225
4512
9196
2930
3871
6516
17327
4390
5412
8928
1036
8876
3734
3704
16817
3247
17333
6780
3776
2807
2787
9051
4045
5428
4876
8509
4737
3039
6783
538
8525
4523
5351
713
4334
2565
9241
4582
6262
3884
701
4041
1828
6832
2815
1738
6464
16731
4866
5051
5445
2643
568
2835
16896
3012
6735
8498
5105
2697
16911
3700
6232
3889
6383
5617
9149
4318
4750
17320
8658
333
8749
2822
4056
4069
3140
237
3468
5670
1699
5566
5235
5231
21293
21444
6602
6345
3093
16815
4166
16884
1877
5480
9165
2320
8675
8290
5224
1824
6302
5829
2316
8412
9107
3144
305
16914
19465
4615
16754
3377
4704
2685
4383
4531
9044
3878
6258
17115
6638
5648
5139
9174
2522
16784
700
6005
16636
5403
6395
5348
312
6578
5365
5093
5151
5023
16990
2788
16793
17139
6749
5835
2672
16739
5547
17036
6195
5234
2758
2526
16743
5918
6166
51
2459
5298
4505
3893
17133
4025
3623
6549
5511
21458
2759
8382
3094
5368
2649
16650
3963
8477
3464
4759
1736
5647
6472
4686
27
3927
8531
4640
4249
6231
3682
16976
5067
5345
6690
3613
4501
5132
6474
3820
16822
3760
5973
5100
5209
4178
4142
6242
4290
5580
6020
6665
21282
6726
3234
3954
16794
2651
1107
8478
4795
8545
3326
3581
3693
21452
4943
5565
17258
3844
6449
6682
4929
3806
674
5332
4125
8345
3679
3150
17059
16959
6033
2656
4423
17065
6793
3566
5070
2555
8638
16648
3328
2939
5688
17075
2246
16733
3684
6600
2502
3211
21498
5441
21448
3902
2521
3524
2935
6458
5249
16779
5870
8678
16625
2673
3044
17076
3182
6661
5755
5434
3723
8975
6695
4127
5179
3325
8327
4181
5255
16767
6381
2334
6525
16796
9005
5124
1624
16757
4151
5454
6182
4605
4904
5715
2795
4374
3131
17092
8395
4103
16901
6515
2886
1426
2792
8143
6705
16986
3717
2533
5466
4698
5467
3770
5735
8982
6463
1003
3261
4115
2017
2288
17296
5063
8637
3661
3321
3554
6200
3267
5721
4591
21482
6339
5801
4710
17280
363
3158
5549
4206
2183
6418
108
1701
6165
21499
4066
16723
3456
2416
4938
2932
5764
3420
17302
2850
17020
16916
5373
16679
4032
6202
3629
5171
5563
3853
5133
2874
16760
3612
5385
1498
17170
600
3387
5733
5482
4534
5567
6721
4674
17022
2762
6506
3504
3858
5442
1468
4408
19466
8671
17037
16936
8811
4207
5525
3092
9128
1363
5897
3696
5930
9004
5578
6012
6537
4270
3129
6213
3959
2668
3263
4598
5427
2844
5878
2280
1542
2660
16738
17013
8587
6391
4641
16900
9223
6413
16649
6490
5652
17063
5092
17041
3688
5902
17346
6782
5568
17062
16771
2525
16622
1762
5628
5596
2490
16831
3487
2871
9049
6636
17270
3071
3302
16671
17089
16887
3195
8569
4230
17116
21450
8925
2652
627
5187
21456
3851
3986
5395
6239
2941
4599
16827
4320
4063
2619
3803
17112
5803
5155
8726
2960
4167
16865
341
6681
2341
2627
16824
2300
5864
2598
2557
5389
6579
5840
6844
9158
4271
4330
8590
17044
4810
6384
2279
16627
16802
4467
5293
16770
5827
5645
17210
3106
2406
8787
5372
1486
3130
16703
16641
5324
2235
16758
8386
16782
5795
16665
5404
3132
4048
6009
3811
3282
4413
6773
6218
2819
21278
8319
2514
5851
3089
17002
1378
1110
3083
3739
5880
9195
6560
5939
3892
5495
4392
4426
4461
6633
878
2270
16823
6585
8956
16668
4518
3816
2361
16946
6127
5299
9071
2955
3553
1541
16820
5236
16816
2694
4530
5250
3847
16687
5060
16812
17219
1902
3840
220
4988
3965
9154
4120
21284
5131
1612
6043
3052
1002
6718
5241
8226
8882
3440
4867
6644
2374
4976
3428
5841
4954
8392
5772
6241
3800
3253
4306
4816
4955
2447
2227
5366
6370
9199
1594
17017
2855
4802
17206
3413
129
5135
4328
8832
1395
16741
3759
2926
16859
16619
16940
21473
8750
4169
6221
3348
5583
4483
6399
3670
3340
2232
8690
2193
5340
2655
4577
4251
21451
5692
2304
3767
2614
5586
6733
8552
2747
6162
17224
692
16693
3100
5717
3989
5789
5359
4552
4985
17055
6730
6512
2505
2339
6307
16682
6790
19464
16775
6436
6358
9153
4441
8300
2332
5016
2498
4593
4690
16786
3201
4236
4185
2813
5702
2938
2825
4666
6173
3762
3720
3737
4260
9056
21288
3174
4930
2250
5773
2462
5097
1279
4397
6336
21475
16935
2252
2133
2967
3799
581
4414
4219
16712
4074
5451
3317
2554
6648
3995
2446
2928
2381
1904
5223
5355
5123
4439
4670
8370
3721
17190
5512
2840
5782
4389
2986
6589
6484
1996
5024
2393
6059
3246
4897
1821
2857
2897
9160
2397
2449
4064
4199
5703
16761
3457
3822
5301
6708
8453
4725
16904
3903
17071
4322
2641
5996
4756
4250
5649
1156
914
5349
2895
5232
1215
2617
17080
1520
9007
948
1273
9240
4834
8820
955
6425
5574
16808
5496
8352
933
6408
1208
4373
16623
4898
2650
16663
5015
6161
17074
5501
8877
2326
4673
5730
6548
6142
3526
5091
9244
450
2708
2296
2537
8650
16993
4458
1949
4592
1880
5048
9211
4477
4881
6575
2467
2733
2714
4239
3868
4278
1790
4179
4871
16669
2548
2542
3177
5494
4597
4396
5213
16661
2785
8549
16983
4811
5515
5057
6222
2963
2255
2545
16996
4751
8848
3323
6482
17317
3316
16922
5169
3509
5371
17127
16629
16737
21481
6769
5247
16664
3018
2402
3617
4301
16638
2888
3125
3650
3593
5387
4638
8979
4722
3861
16995
16684
6196
4378
2506
1201
5180
4417
2770
3376
3153
16646
2500
16943
4852
3825
9099
8313
8287
3573
6645
5479
16876
5184
5083
3485
3987
17167
17276
256
6308
4539
4422
4562
16924
590
5066
17031
980
3745
5096
1621
17266
16308
6720
1640
4053
5208
6311
3046
8343
2171
3349
2240
2468
2431
4880
8969
1414
3199
21460
1795
16721
4497
3260
8717
144
4714
4499
6567
2621
6230
4573
2321
3384
16718
3208
4023
5903
16855
5542
8696
6672
836
4448
2922
6023
4601
1234
6090
6280
3846
65
2340
2879
8842
2976
4657
6742
2587
2764
8868
5669
5998
16844
1759
5099
6326
3677
6143
5272
6781
2291
6022
4213
5127
996
17150
2853
3400
5262
3764
6732
6798
4633
5981
16689
2684
16941
6675
3152
5597
127
5584
5655
2167
3801
6070
605
4192
1384
4987
17337
735
5258
6759
4180
4305
2734
6457
6298
2403
1370
17184
3870
3038
21479
16836
9246
5859
5199
4102
16948
6243
6402
4403
2790
6045
1251
3641
8951
3133
16764
8739
17155
2249
3988
4974
3572
5188
17014
5656
4360
6517
4590
17131
29
8491
16711
2730
3608
4854
16722
2302
4269
17067
4705
5444
2615
16975
2690
21462
5415
2477
3037
21455
2137
4313
8405
3565
4070
17164
6228
4346
4382
17118
6004
5848
6743
2983
5045
4289
2777
3712
6329
6707
6409
3823
3010
6562
16837
9029
3252
6089
17010
17146
8859
2925
17143
6662
5017
17341
9096
4086
4600
2247
16659
5178
3090
339
16698
4895
8434
9141
17148
4504
3578
2435
3198
2318
2995
4564
5257
3275
16639
3817
1608
1899
3795
3026
8298
3175
4117
6465
8437
4997
5282
4438
6190
2996
4752
8616
6131
5786
8605
2959
9082
17335
4620
6634
5668
2400
5392
4210
3540
2765
16875
9078
5394
8665
8991
6096
4410
8670
5873
21485
3926
16745
2709
4606
4713
5220
4104
6225
3535
6806
17083
3744
8906
9169
3472
6493
17344
4792
6568
5666
6279
6684
3834
8571
4652
4572
2524
4243
2854
5432
3176
16720
8866
17015
4565
6561
2749
6164
5218
4361
17025
3666
2645
1915
17306
5089
2834
4300
5362
16620
3925
16878
21467
16921
2236
4547
5196
2035
3054
16626
17000
6772
2527
2710
6535
9207
3296
4579
2998
5470
2931
6507
17068
3591
899
17259
5820
5779
4337
5560
16818
3728
3955
2789
5889
5843
3738
4636
17253
4429
16980
17331
5152
17334
5201
5491
3718
21459
16691
2399
1297
2404
3780
17217
5058
16908
5339
6586
2800
6172
5951
6139
21446
8247
5914
848
16628
2436
5832
6719
2973
6095
3725
2832
21471
6467
17282
17172
5399
12
3874
17248
5710
5875
3953
17323
2310
9000
4095
3067
4409
2342
4450
6331
21290
5783
16736
6509
16713
3109
3761
5665
4715
3790
8584
3798
4875
5602
3256
9058
8617
5682
4247
16635
17126
6265
17216
6800
5874
16872
9101
3838
4892
